signatureID	PROBE	ID_geneid	Name_GeneSymbol	Value_LogDiffExp	Significance_pvalue
LINCSCP_96702	NA	983	CDK1	-10	8e-4
LINCSCP_96702	NA	1019	CDK4	-10	8e-4
LINCSCP_96702	NA	1277	COL1A1	-10	8e-4
LINCSCP_96702	NA	2673	GFPT1	10	8e-4
LINCSCP_96702	NA	3337	DNAJB1	10	8e-4
LINCSCP_96702	NA	3486	IGFBP3	-10	8e-4
LINCSCP_96702	NA	3925	STMN1	-10	8e-4
LINCSCP_96702	NA	4016	LOXL1	-10	8e-4
LINCSCP_96702	NA	4172	MCM3	-10	8e-4
LINCSCP_96702	NA	5111	PCNA	-10	8e-4
LINCSCP_96702	NA	7153	TOP2A	-10	8e-4
LINCSCP_96702	NA	7168	TPM1	-10	8e-4
LINCSCP_96702	NA	8204	NRIP1	-10	8e-4
LINCSCP_96702	NA	9531	BAG3	10	8e-4
LINCSCP_96702	NA	9847	C2CD5	-10	8e-4
LINCSCP_96702	NA	11098	PRSS23	-10	8e-4
LINCSCP_96702	NA	23410	SIRT3	10	8e-4
LINCSCP_96702	NA	55256	ADI1	-10	8e-4
LINCSCP_96702	NA	55748	CNDP2	-10	8e-4
LINCSCP_96702	NA	84617	TUBB6	-10	8e-4
LINCSCP_96702	NA	7538	ZFP36	9.9613	8e-4
LINCSCP_96702	NA	9697	TRAM2	-9.9115	8e-4
LINCSCP_96702	NA	5019	OXCT1	-9.4579	9e-4
LINCSCP_96702	NA	10670	RRAGA	-9.2837	9e-4
LINCSCP_96702	NA	4638	MYLK	-9.7278	0.001
LINCSCP_96702	NA	2542	SLC37A4	-9.3485	0.001
LINCSCP_96702	NA	23325	KIAA1033	-8.7093	0.0011
LINCSCP_96702	NA	1070	CETN3	-8.5797	0.0011
LINCSCP_96702	NA	9903	KLHL21	8.5125	0.0012
LINCSCP_96702	NA	3162	HMOX1	9.1849	0.0012
LINCSCP_96702	NA	26520	TIMM9	-8.2853	0.0014
LINCSCP_96702	NA	310	ANXA7	-8.0843	0.0015
LINCSCP_96702	NA	51203	NUSAP1	-8.8395	0.0015
LINCSCP_96702	NA	7157	TP53	-7.4226	0.0016
LINCSCP_96702	NA	54386	TERF2IP	7.7951	0.0016
LINCSCP_96702	NA	1831	TSC22D3	7.4726	0.0016
LINCSCP_96702	NA	890	CCNA2	-7.384	0.0016
LINCSCP_96702	NA	994	CDC25B	-9.4271	0.0016
LINCSCP_96702	NA	8202	NCOA3	8.269	0.0016
LINCSCP_96702	NA	55038	CDCA4	-9.4136	0.0017
LINCSCP_96702	NA	8440	NCK2	7.0882	0.0018
LINCSCP_96702	NA	90861	HN1L	-9.3628	0.0019
LINCSCP_96702	NA	6342	SCP2	-6.8825	0.0019
LINCSCP_96702	NA	1282	COL4A1	-9.2692	0.002
LINCSCP_96702	NA	4312	MMP1	9.0888	0.0021
LINCSCP_96702	NA	5743	PTGS2	6.5637	0.0021
LINCSCP_96702	NA	5997	RGS2	9.2788	0.0022
LINCSCP_96702	NA	9128	PRPF4	-6.758	0.0022
LINCSCP_96702	NA	57192	MCOLN1	6.8102	0.0022
LINCSCP_96702	NA	1633	DCK	-8.6838	0.0023
LINCSCP_96702	NA	3303	HSPA1A	6.3115	0.0023
LINCSCP_96702	NA	55699	IARS2	-8.6948	0.0023
LINCSCP_96702	NA	5836	PYGL	-8.5814	0.0024
LINCSCP_96702	NA	3315	HSPB1	6.2745	0.0024
LINCSCP_96702	NA	11041	B4GAT1	-6.515	0.0024
LINCSCP_96702	NA	4144	MAT2A	-7.6032	0.0024
LINCSCP_96702	NA	4609	MYC	-8.5535	0.0025
LINCSCP_96702	NA	23210	JMJD6	6.1046	0.0026
LINCSCP_96702	NA	10398	MYL9	-6.5651	0.0027
LINCSCP_96702	NA	3988	LIPA	-7.2102	0.0027
LINCSCP_96702	NA	5300	PIN1	-7.6281	0.0027
LINCSCP_96702	NA	11168	PSIP1	-6.6268	0.0028
LINCSCP_96702	NA	3638	INSIG1	-6.2998	0.0029
LINCSCP_96702	NA	26020	LRP10	-6.1377	0.0029
LINCSCP_96702	NA	5261	PHKG2	6.1005	0.003
LINCSCP_96702	NA	3312	HSPA8	5.7296	0.0031
LINCSCP_96702	NA	10038	PARP2	-7.9227	0.0031
LINCSCP_96702	NA	1605	DAG1	-5.7298	0.0032
LINCSCP_96702	NA	3251	HPRT1	-5.5934	0.0032
LINCSCP_96702	NA	2185	PTK2B	5.655	0.0032
LINCSCP_96702	NA	5467	PPARD	6.4112	0.0033
LINCSCP_96702	NA	9552	SPAG7	8.1398	0.0034
LINCSCP_96702	NA	51026	GOLT1B	5.554	0.0034
LINCSCP_96702	NA	10245	TIMM17B	-7.6468	0.0034
LINCSCP_96702	NA	10112	KIF20A	-9.0399	0.0035
LINCSCP_96702	NA	2274	FHL2	-6.0208	0.0036
LINCSCP_96702	NA	4864	NPC1	5.29	0.0036
LINCSCP_96702	NA	4303	FOXO4	5.7893	0.0037
LINCSCP_96702	NA	4616	GADD45B	6.4031	0.0038
LINCSCP_96702	NA	10285	SMNDC1	5.763	0.0038
LINCSCP_96702	NA	26292	MYCBP	-5.2927	0.0038
LINCSCP_96702	NA	2353	FOS	5.6448	0.0039
LINCSCP_96702	NA	9133	CCNB2	-8.9918	0.0039
LINCSCP_96702	NA	26511	CHIC2	5.3115	0.004
LINCSCP_96702	NA	23300	ATMIN	-7.9218	0.0041
LINCSCP_96702	NA	1647	GADD45A	5.6931	0.0041
LINCSCP_96702	NA	5580	PRKCD	5.8997	0.0042
LINCSCP_96702	NA	55818	KDM3A	7.9596	0.0042
LINCSCP_96702	NA	55847	CISD1	-4.8891	0.0042
LINCSCP_96702	NA	5909	RAP1GAP	5.3055	0.0042
LINCSCP_96702	NA	1509	CTSD	5.7312	0.0043
LINCSCP_96702	NA	1846	DUSP4	5.3136	0.0043
LINCSCP_96702	NA	6790	AURKA	-4.8284	0.0043
LINCSCP_96702	NA	51021	MRPS16	-8.7521	0.0043
LINCSCP_96702	NA	10776	ARPP19	-5.9131	0.0043
LINCSCP_96702	NA	93487	MAPK1IP1L	-4.7855	0.0044
LINCSCP_96702	NA	25805	BAMBI	4.7752	0.0044
LINCSCP_96702	NA	9854	C2CD2L	8.8555	0.0045
LINCSCP_96702	NA	51599	LSR	6.4951	0.0045
LINCSCP_96702	NA	22889	KIAA0907	8.903	0.0045
LINCSCP_96702	NA	142	PARP1	-8.5739	0.0046
LINCSCP_96702	NA	5211	PFKL	-5.0901	0.0046
LINCSCP_96702	NA	2956	MSH6	-6.0894	0.0047
LINCSCP_96702	NA	23443	SLC35A3	-4.6624	0.0047
LINCSCP_96702	NA	8574	AKR7A2	-8.8717	0.0048
LINCSCP_96702	NA	10681	GNB5	4.5707	0.0049
LINCSCP_96702	NA	10617	STAMBP	-4.5945	0.0049
LINCSCP_96702	NA	5654	HTRA1	4.5986	0.005
LINCSCP_96702	NA	80212	CCDC92	-5.7373	0.0051
LINCSCP_96702	NA	54541	DDIT4	4.561	0.0051
LINCSCP_96702	NA	5898	RALA	6.7019	0.0051
LINCSCP_96702	NA	7485	WRB	-4.4326	0.0052
LINCSCP_96702	NA	3482	IGF2R	5.6948	0.0053
LINCSCP_96702	NA	8870	IER3	5.951	0.0055
LINCSCP_96702	NA	7106	TSPAN4	-8.112	0.0055
LINCSCP_96702	NA	211	ALAS1	6.6142	0.0056
LINCSCP_96702	NA	5708	PSMD2	4.3293	0.0056
LINCSCP_96702	NA	39	ACAT2	-5.5419	0.0057
LINCSCP_96702	NA	11182	SLC2A6	-6.4602	0.0058
LINCSCP_96702	NA	51097	SCCPDH	-6.957	0.0058
LINCSCP_96702	NA	3930	LBR	-5.8429	0.0059
LINCSCP_96702	NA	3611	ILK	-4.6063	0.0059
LINCSCP_96702	NA	11200	CHEK2	-6.4566	0.0061
LINCSCP_96702	NA	16	AARS	-4.1389	0.0061
LINCSCP_96702	NA	23636	NUP62	-5.6063	0.0062
LINCSCP_96702	NA	3033	HADH	-5.6449	0.0062
LINCSCP_96702	NA	8446	DUSP11	4.1138	0.0063
LINCSCP_96702	NA	5427	POLE2	-7.0678	0.0063
LINCSCP_96702	NA	5110	PCMT1	-4.4874	0.0063
LINCSCP_96702	NA	84722	PSRC1	-4.0632	0.0064
LINCSCP_96702	NA	10898	CPSF4	5.5411	0.0064
LINCSCP_96702	NA	899	CCNF	-8.4679	0.0065
LINCSCP_96702	NA	10165	SLC25A13	-4.3714	0.0066
LINCSCP_96702	NA	5696	PSMB8	-5.485	0.0066
LINCSCP_96702	NA	2852	GPER1	4.9527	0.0066
LINCSCP_96702	NA	5721	PSME2	-4.0995	0.0067
LINCSCP_96702	NA	6709	SPTAN1	4.8275	0.0067
LINCSCP_96702	NA	7874	USP7	4.4222	0.0068
LINCSCP_96702	NA	8914	TIMELESS	-8.6711	0.0068
LINCSCP_96702	NA	79094	CHAC1	4.6143	0.0068
LINCSCP_96702	NA	3628	INPP1	5.0749	0.0069
LINCSCP_96702	NA	9670	IPO13	4.2024	0.0069
LINCSCP_96702	NA	6443	SGCB	-5.3475	0.0069
LINCSCP_96702	NA	5827	PXMP2	-8.3755	0.007
LINCSCP_96702	NA	11157	LSM6	-5.8968	0.007
LINCSCP_96702	NA	8480	RAE1	4.1983	0.007
LINCSCP_96702	NA	1635	DCTD	-4.023	0.007
LINCSCP_96702	NA	27346	TMEM97	-7.2348	0.0071
LINCSCP_96702	NA	25803	SPDEF	6.4174	0.0071
LINCSCP_96702	NA	23	ABCF1	5.1737	0.0071
LINCSCP_96702	NA	3775	KCNK1	5.2056	0.0071
LINCSCP_96702	NA	2745	GLRX	4.542	0.0071
LINCSCP_96702	NA	3508	IGHMBP2	4.4821	0.0072
LINCSCP_96702	NA	2356	FPGS	-3.9914	0.0074
LINCSCP_96702	NA	7358	UGDH	6.0743	0.0075
LINCSCP_96702	NA	79071	ELOVL6	-4.3129	0.0076
LINCSCP_96702	NA	54881	TEX10	4.5111	0.0078
LINCSCP_96702	NA	26054	SENP6	3.7493	0.0078
LINCSCP_96702	NA	26993	AKAP8L	3.9975	0.008
LINCSCP_96702	NA	466	ATF1	-4.46	0.008
LINCSCP_96702	NA	8878	SQSTM1	8.5687	0.008
LINCSCP_96702	NA	11188	NISCH	4.5356	0.0081
LINCSCP_96702	NA	55111	PLEKHJ1	-5.8164	0.0082
LINCSCP_96702	NA	11065	UBE2C	-8.5486	0.0083
LINCSCP_96702	NA	3329	HSPD1	7.4262	0.0083
LINCSCP_96702	NA	5223	PGAM1	-4.0799	0.0083
LINCSCP_96702	NA	4067	LYN	3.6326	0.0083
LINCSCP_96702	NA	3964	LGALS8	4.884	0.0083
LINCSCP_96702	NA	10954	PDIA5	-5.1894	0.0084
LINCSCP_96702	NA	10434	LYPLA1	-5.0612	0.0085
LINCSCP_96702	NA	644	BLVRA	-6.0636	0.0085
LINCSCP_96702	NA	5054	SERPINE1	-3.9274	0.0085
LINCSCP_96702	NA	3028	HSD17B10	-4.2626	0.0085
LINCSCP_96702	NA	7511	XPNPEP1	-5.0694	0.0086
LINCSCP_96702	NA	2624	GATA2	8.5276	0.0086
LINCSCP_96702	NA	10606	PAICS	-4.6075	0.0086
LINCSCP_96702	NA	50813	COPS7A	-4.516	0.0087
LINCSCP_96702	NA	10049	DNAJB6	8.1437	0.0087
LINCSCP_96702	NA	102	ADAM10	-4.3211	0.0087
LINCSCP_96702	NA	79174	CRELD2	4.4806	0.0088
LINCSCP_96702	NA	10221	TRIB1	5.4783	0.0088
LINCSCP_96702	NA	9801	MRPL19	-4.6298	0.0089
LINCSCP_96702	NA	831	CAST	3.4981	0.0091
LINCSCP_96702	NA	79073	TMEM109	-4.779	0.0091
LINCSCP_96702	NA	4088	SMAD3	-4.0191	0.0093
LINCSCP_96702	NA	1848	DUSP6	3.9408	0.0094
LINCSCP_96702	NA	7158	TP53BP1	3.8918	0.0094
LINCSCP_96702	NA	10782	ZNF274	-6.6063	0.0094
LINCSCP_96702	NA	10682	EBP	-5.8577	0.0095
LINCSCP_96702	NA	10915	TCERG1	3.5694	0.0095
LINCSCP_96702	NA	6804	STX1A	8.4567	0.0096
LINCSCP_96702	NA	9851	KIAA0753	4.0014	0.0096
LINCSCP_96702	NA	2064	ERBB2	-3.7425	0.0096
LINCSCP_96702	NA	23161	SNX13	4.2093	0.0099
LINCSCP_96702	NA	2770	GNAI1	3.8872	0.01
LINCSCP_96702	NA	5873	RAB27A	-3.5459	0.01
LINCSCP_96702	NA	6772	STAT1	-4.0528	0.0102
LINCSCP_96702	NA	10892	MALT1	3.3593	0.0102
LINCSCP_96702	NA	51293	CD320	-8.4079	0.0103
LINCSCP_96702	NA	1981	EIF4G1	-3.4276	0.0103
LINCSCP_96702	NA	11261	CHP1	3.443	0.0103
LINCSCP_96702	NA	10174	SORBS3	-5.9848	0.0104
LINCSCP_96702	NA	874	CBR3	-8.397	0.0105
LINCSCP_96702	NA	4860	PNP	3.2919	0.0105
LINCSCP_96702	NA	23585	TMEM50A	-8.3956	0.0105
LINCSCP_96702	NA	960	CD44	3.6576	0.0105
LINCSCP_96702	NA	3978	LIG1	-6.455	0.0106
LINCSCP_96702	NA	2017	CTTN	-3.2475	0.0108
LINCSCP_96702	NA	10818	FRS2	4.2512	0.0108
LINCSCP_96702	NA	11319	ECD	-3.9655	0.0109
LINCSCP_96702	NA	1786	DNMT1	-3.52	0.0109
LINCSCP_96702	NA	5796	PTPRK	4.3195	0.0109
LINCSCP_96702	NA	51635	DHRS7	4.3706	0.011
LINCSCP_96702	NA	23223	RRP12	8.075	0.0111
LINCSCP_96702	NA	1738	DLD	-8.3569	0.0111
LINCSCP_96702	NA	891	CCNB1	-4.4692	0.0113
LINCSCP_96702	NA	3553	IL1B	4.0454	0.0113
LINCSCP_96702	NA	5255	PHKA1	3.2128	0.0115
LINCSCP_96702	NA	8270	LAGE3	-4.275	0.0116
LINCSCP_96702	NA	823	CAPN1	-3.4228	0.0118
LINCSCP_96702	NA	8553	BHLHE40	-3.1948	0.0118
LINCSCP_96702	NA	58472	SQRDL	-3.5991	0.012
LINCSCP_96702	NA	80746	TSEN2	-3.1223	0.0122
LINCSCP_96702	NA	6284	S100A13	-5.6443	0.0123
LINCSCP_96702	NA	1153	CIRBP	-7.1093	0.0125
LINCSCP_96702	NA	9181	ARHGEF2	3.2814	0.0126
LINCSCP_96702	NA	10273	STUB1	-3.7961	0.0128
LINCSCP_96702	NA	10298	PAK4	4.4249	0.0128
LINCSCP_96702	NA	23368	PPP1R13B	3.0857	0.0128
LINCSCP_96702	NA	8851	CDK5R1	8.2552	0.0129
LINCSCP_96702	NA	7398	USP1	-6.0095	0.0129
LINCSCP_96702	NA	79080	CCDC86	3.1247	0.013
LINCSCP_96702	NA	5096	PCCB	-2.9987	0.0131
LINCSCP_96702	NA	9961	MVP	-4.7028	0.0131
LINCSCP_96702	NA	332	BIRC5	-5.9353	0.0131
LINCSCP_96702	NA	5986	RFNG	3.6241	0.0133
LINCSCP_96702	NA	9126	SMC3	-3.2228	0.0133
LINCSCP_96702	NA	79090	TRAPPC6A	3.015	0.0133
LINCSCP_96702	NA	10320	IKZF1	3.4282	0.0133
LINCSCP_96702	NA	1017	CDK2	-6.0141	0.0136
LINCSCP_96702	NA	2625	GATA3	3.4987	0.0136
LINCSCP_96702	NA	29083	GTPBP8	-5.5437	0.0136
LINCSCP_96702	NA	30836	DNTTIP2	3.124	0.0139
LINCSCP_96702	NA	22794	CASC3	3.3783	0.0139
LINCSCP_96702	NA	57804	POLD4	-8.1966	0.014
LINCSCP_96702	NA	388650	FAM69A	3.1318	0.014
LINCSCP_96702	NA	23463	ICMT	-5.6715	0.0144
LINCSCP_96702	NA	11137	PWP1	-2.905	0.0145
LINCSCP_96702	NA	10270	AKAP8	8.1661	0.0146
LINCSCP_96702	NA	7849	PAX8	-3.2996	0.0146
LINCSCP_96702	NA	7027	TFDP1	-3.2424	0.0148
LINCSCP_96702	NA	10513	APPBP2	3.6772	0.0148
LINCSCP_96702	NA	672	BRCA1	-6.1327	0.015
LINCSCP_96702	NA	9738	CCP110	-4.9159	0.0152
LINCSCP_96702	NA	10493	VAT1	-3.0082	0.0152
LINCSCP_96702	NA	7376	NR1H2	7.739	0.0153
LINCSCP_96702	NA	7416	VDAC1	-2.9293	0.0153
LINCSCP_96702	NA	1452	CSNK1A1	2.8543	0.0154
LINCSCP_96702	NA	8826	IQGAP1	3.2921	0.0156
LINCSCP_96702	NA	5236	PGM1	-4.9071	0.0159
LINCSCP_96702	NA	226	ALDOA	-2.8308	0.0159
LINCSCP_96702	NA	7016	TESK1	3.9006	0.0164
LINCSCP_96702	NA	1029	CDKN2A	-5.5331	0.0164
LINCSCP_96702	NA	5831	PYCR1	3.0894	0.0164
LINCSCP_96702	NA	6793	STK10	3.43	0.0165
LINCSCP_96702	NA	65123	INTS3	-3.4358	0.0167
LINCSCP_96702	NA	1534	CYB561	6.4254	0.0168
LINCSCP_96702	NA	5468	PPARG	3.1108	0.0169
LINCSCP_96702	NA	5829	PXN	5.992	0.0169
LINCSCP_96702	NA	2109	ETFB	-4.9404	0.017
LINCSCP_96702	NA	8312	AXIN1	3.2334	0.0171
LINCSCP_96702	NA	9924	PAN2	-2.6582	0.0173
LINCSCP_96702	NA	10329	TMEM5	-3.5562	0.0173
LINCSCP_96702	NA	533	ATP6V0B	4.4477	0.0176
LINCSCP_96702	NA	1398	CRK	2.6634	0.0176
LINCSCP_96702	NA	896	CCND3	3.2763	0.0178
LINCSCP_96702	NA	427	ASAH1	-2.9371	0.0179
LINCSCP_96702	NA	2195	FAT1	-2.959	0.0179
LINCSCP_96702	NA	8518	IKBKAP	-2.6217	0.0183
LINCSCP_96702	NA	993	CDC25A	2.8963	0.0184
LINCSCP_96702	NA	2523	FUT1	2.5955	0.0184
LINCSCP_96702	NA	51071	DERA	-7.9928	0.0184
LINCSCP_96702	NA	2771	GNAI2	-3.154	0.0184
LINCSCP_96702	NA	22841	RAB11FIP2	3.6174	0.0184
LINCSCP_96702	NA	4851	NOTCH1	4.1057	0.0184
LINCSCP_96702	NA	5529	PPP2R5E	6.5496	0.0186
LINCSCP_96702	NA	6251	RSU1	-6.6419	0.0187
LINCSCP_96702	NA	6347	CCL2	-2.8043	0.0189
LINCSCP_96702	NA	55179	FAIM	3.1109	0.019
LINCSCP_96702	NA	6839	SUV39H1	-3.5354	0.019
LINCSCP_96702	NA	55324	ABCF3	5.1413	0.0191
LINCSCP_96702	NA	4850	CNOT4	5.4486	0.0191
LINCSCP_96702	NA	23077	MYCBP2	2.6505	0.0193
LINCSCP_96702	NA	3693	ITGB5	-2.8034	0.0194
LINCSCP_96702	NA	5547	PRCP	-2.7348	0.0194
LINCSCP_96702	NA	481	ATP1B1	-2.5633	0.0195
LINCSCP_96702	NA	6915	TBXA2R	3.9127	0.0197
LINCSCP_96702	NA	10972	TMED10	-3.0549	0.0198
LINCSCP_96702	NA	9019	MPZL1	2.6571	0.0198
LINCSCP_96702	NA	51742	ARID4B	3.4489	0.0199
LINCSCP_96702	NA	5092	PCBD1	-5.1488	0.0201
LINCSCP_96702	NA	29082	CHMP4A	-7.9182	0.0202
LINCSCP_96702	NA	6988	TCTA	-2.4944	0.0203
LINCSCP_96702	NA	51569	UFM1	5.7618	0.0203
LINCSCP_96702	NA	7020	TFAP2A	2.9025	0.0203
LINCSCP_96702	NA	622	BDH1	-3.5573	0.0204
LINCSCP_96702	NA	9926	LPGAT1	2.472	0.0205
LINCSCP_96702	NA	5720	PSME1	-6.1133	0.0206
LINCSCP_96702	NA	6461	SHB	4.4653	0.0207
LINCSCP_96702	NA	6696	SPP1	5.767	0.0207
LINCSCP_96702	NA	10494	STK25	-2.4984	0.0208
LINCSCP_96702	NA	6676	SPAG4	-2.8018	0.0208
LINCSCP_96702	NA	3454	IFNAR1	5.8552	0.0209
LINCSCP_96702	NA	7982	ST7	7.6395	0.0209
LINCSCP_96702	NA	10146	G3BP1	-7.8851	0.0211
LINCSCP_96702	NA	11344	TWF2	-2.554	0.0211
LINCSCP_96702	NA	6856	SYPL1	-2.604	0.0212
LINCSCP_96702	NA	9709	HERPUD1	6.3589	0.0215
LINCSCP_96702	NA	10099	TSPAN3	-3.4808	0.0216
LINCSCP_96702	NA	8321	FZD1	3.204	0.0216
LINCSCP_96702	NA	54438	GFOD1	5.38	0.0216
LINCSCP_96702	NA	665	BNIP3L	-2.4338	0.0217
LINCSCP_96702	NA	200734	SPRED2	2.7039	0.0218
LINCSCP_96702	NA	8996	NOL3	5.5499	0.022
LINCSCP_96702	NA	3682	ITGAE	-2.5029	0.0223
LINCSCP_96702	NA	8050	PDHX	2.3635	0.0223
LINCSCP_96702	NA	991	CDC20	-4.7271	0.0224
LINCSCP_96702	NA	6182	MRPL12	-4.1973	0.0224
LINCSCP_96702	NA	55793	FAM63A	-2.731	0.0224
LINCSCP_96702	NA	1870	E2F2	3.2361	0.0225
LINCSCP_96702	NA	4605	MYBL2	-3.1572	0.0226
LINCSCP_96702	NA	22934	RPIA	-7.8274	0.0226
LINCSCP_96702	NA	9212	AURKB	-2.371	0.0228
LINCSCP_96702	NA	5366	PMAIP1	6.0399	0.0228
LINCSCP_96702	NA	8061	FOSL1	-2.4281	0.023
LINCSCP_96702	NA	5438	POLR2I	-7.8126	0.023
LINCSCP_96702	NA	27032	ATP2C1	4.7133	0.0231
LINCSCP_96702	NA	3480	IGF1R	-3.2027	0.0234
LINCSCP_96702	NA	8607	RUVBL1	-2.7202	0.0235
LINCSCP_96702	NA	25932	CLIC4	-5.4085	0.0236
LINCSCP_96702	NA	55825	PECR	2.3783	0.0236
LINCSCP_96702	NA	780	DDR1	3.3889	0.0237
LINCSCP_96702	NA	8985	PLOD3	3.6454	0.0237
LINCSCP_96702	NA	6119	RPA3	-6.9775	0.0238
LINCSCP_96702	NA	4775	NFATC3	3.6662	0.0238
LINCSCP_96702	NA	178	AGL	-2.8729	0.0239
LINCSCP_96702	NA	5883	RAD9A	5.9028	0.0241
LINCSCP_96702	NA	9688	NUP93	-2.3676	0.0246
LINCSCP_96702	NA	6919	TCEA2	2.9173	0.0247
LINCSCP_96702	NA	5347	PLK1	-2.2952	0.0247
LINCSCP_96702	NA	5290	PIK3CA	2.3415	0.025
LINCSCP_96702	NA	1459	CSNK2A2	5.3181	0.0253
LINCSCP_96702	NA	79643	CHMP6	-5.0752	0.0254
LINCSCP_96702	NA	23659	PLA2G15	3.291	0.0254
LINCSCP_96702	NA	7866	IFRD2	-4.0336	0.0255
LINCSCP_96702	NA	79902	NUP85	-3.5587	0.0256
LINCSCP_96702	NA	7159	TP53BP2	2.4103	0.0256
LINCSCP_96702	NA	8835	SOCS2	2.2395	0.0257
LINCSCP_96702	NA	51024	FIS1	-2.9944	0.0258
LINCSCP_96702	NA	8900	CCNA1	5.0893	0.0262
LINCSCP_96702	NA	5982	RFC2	-2.3805	0.0263
LINCSCP_96702	NA	2548	GAA	-2.628	0.0263
LINCSCP_96702	NA	207	AKT1	-2.7644	0.0265
LINCSCP_96702	NA	1978	EIF4EBP1	-2.1936	0.0269
LINCSCP_96702	NA	2920	CXCL2	2.7608	0.027
LINCSCP_96702	NA	51495	HACD3	-2.2816	0.0271
LINCSCP_96702	NA	23139	MAST2	3.0968	0.0273
LINCSCP_96702	NA	23212	RRS1	2.4116	0.0273
LINCSCP_96702	NA	56654	NPDC1	2.1533	0.0274
LINCSCP_96702	NA	10652	YKT6	-5.8076	0.0275
LINCSCP_96702	NA	6622	SNCA	3.3913	0.0275
LINCSCP_96702	NA	23530	NNT	-3.1555	0.0275
LINCSCP_96702	NA	9491	PSMF1	3.2692	0.0277
LINCSCP_96702	NA	51116	MRPS2	2.1912	0.0277
LINCSCP_96702	NA	9533	POLR1C	2.1723	0.0282
LINCSCP_96702	NA	23029	RBM34	3.28	0.0283
LINCSCP_96702	NA	57147	SCYL3	-3.1505	0.0285
LINCSCP_96702	NA	1500	CTNND1	2.2591	0.0287
LINCSCP_96702	NA	1983	EIF5	2.414	0.0287
LINCSCP_96702	NA	23321	TRIM2	2.1779	0.0287
LINCSCP_96702	NA	6810	STX4	2.286	0.0288
LINCSCP_96702	NA	10523	CHERP	3.6239	0.0288
LINCSCP_96702	NA	2886	GRB7	2.2189	0.0288
LINCSCP_96702	NA	652	BMP4	3.8859	0.0288
LINCSCP_96702	NA	843	CASP10	5.9595	0.0289
LINCSCP_96702	NA	4783	NFIL3	2.6044	0.029
LINCSCP_96702	NA	26064	RAI14	2.2746	0.029
LINCSCP_96702	NA	80349	WDR61	-7.6144	0.0291
LINCSCP_96702	NA	6832	SUPV3L1	2.585	0.0294
LINCSCP_96702	NA	2767	GNA11	2.3698	0.0295
LINCSCP_96702	NA	5601	MAPK9	2.1772	0.0298
LINCSCP_96702	NA	3416	IDE	-3.2043	0.0302
LINCSCP_96702	NA	57048	PLSCR3	-4.4517	0.0304
LINCSCP_96702	NA	22926	ATF6	-5.3008	0.0307
LINCSCP_96702	NA	57761	TRIB3	2.1978	0.0308
LINCSCP_96702	NA	3566	IL4R	2.3188	0.0312
LINCSCP_96702	NA	23588	KLHDC2	-2.1311	0.0312
LINCSCP_96702	NA	23131	GPATCH8	2.9448	0.0313
LINCSCP_96702	NA	10775	POP4	-2.0271	0.0313
LINCSCP_96702	NA	147179	WIPF2	3.3565	0.0317
LINCSCP_96702	NA	11230	PRAF2	-7.5336	0.0319
LINCSCP_96702	NA	9842	PLEKHM1	2.4847	0.0322
LINCSCP_96702	NA	25793	FBXO7	3.0213	0.0324
LINCSCP_96702	NA	5792	PTPRF	2.42	0.0325
LINCSCP_96702	NA	6714	SRC	3.1591	0.0327
LINCSCP_96702	NA	4651	MYO10	2.3335	0.0328
LINCSCP_96702	NA	25976	TIPARP	2.3582	0.0329
LINCSCP_96702	NA	26227	PHGDH	2.0665	0.0331
LINCSCP_96702	NA	5058	PAK1	2.2742	0.0333
LINCSCP_96702	NA	664	BNIP3	-2.3681	0.0333
LINCSCP_96702	NA	23149	FCHO1	1.9759	0.0335
LINCSCP_96702	NA	9988	DMTF1	-7.4848	0.0337
LINCSCP_96702	NA	9650	MTFR1	1.9572	0.0338
LINCSCP_96702	NA	7296	TXNRD1	3.9126	0.0339
LINCSCP_96702	NA	1050	CEBPA	1.9376	0.0346
LINCSCP_96702	NA	6194	RPS6	2.2102	0.0347
LINCSCP_96702	NA	7750	ZMYM2	2.0704	0.0348
LINCSCP_96702	NA	4282	MIF	-7.4542	0.0349
LINCSCP_96702	NA	7105	TSPAN6	-2.3348	0.035
LINCSCP_96702	NA	10557	RPP38	-5.566	0.0351
LINCSCP_96702	NA	1616	DAXX	2.2109	0.0352
LINCSCP_96702	NA	11000	SLC27A3	1.9397	0.0353
LINCSCP_96702	NA	4793	NFKBIB	3.7674	0.0354
LINCSCP_96702	NA	22908	SACM1L	2.0791	0.0355
LINCSCP_96702	NA	3122	HLA-DRA	2.4356	0.0356
LINCSCP_96702	NA	4232	MEST	2.1715	0.0357
LINCSCP_96702	NA	10059	DNM1L	5.148	0.0359
LINCSCP_96702	NA	54442	KCTD5	4.7044	0.0364
LINCSCP_96702	NA	1676	DFFA	2.9762	0.0364
LINCSCP_96702	NA	4582	MUC1	-2.2702	0.0365
LINCSCP_96702	NA	7043	TGFB3	2.5907	0.0366
LINCSCP_96702	NA	23011	RAB21	2.7743	0.037
LINCSCP_96702	NA	5770	PTPN1	2.077	0.0374
LINCSCP_96702	NA	23597	ACOT9	-3.6884	0.0374
LINCSCP_96702	NA	2131	EXT1	1.8624	0.0377
LINCSCP_96702	NA	27336	HTATSF1	2.351	0.0377
LINCSCP_96702	NA	6850	SYK	3.471	0.0377
LINCSCP_96702	NA	23536	ADAT1	3.5175	0.0379
LINCSCP_96702	NA	148022	TICAM1	4.7568	0.038
LINCSCP_96702	NA	25966	C2CD2	3.5548	0.0381
LINCSCP_96702	NA	4794	NFKBIE	3.6695	0.0382
LINCSCP_96702	NA	10668	CGRRF1	4.3601	0.0382
LINCSCP_96702	NA	8520	HAT1	-1.9092	0.0383
LINCSCP_96702	NA	949	SCARB1	2.3412	0.0385
LINCSCP_96702	NA	22809	ATF5	2.0299	0.0388
LINCSCP_96702	NA	595	CCND1	-2.0602	0.0389
LINCSCP_96702	NA	10641	NPRL2	2.0241	0.0392
LINCSCP_96702	NA	10206	TRIM13	2.3331	0.0392
LINCSCP_96702	NA	9270	ITGB1BP1	-5.5201	0.0392
LINCSCP_96702	NA	5613	PRKX	1.898	0.0394
LINCSCP_96702	NA	54850	FBXL12	1.8604	0.0395
LINCSCP_96702	NA	9519	TBPL1	2.2361	0.0396
LINCSCP_96702	NA	51053	GMNN	6.258	0.0399
LINCSCP_96702	NA	23271	CAMSAP2	1.877	0.0401
LINCSCP_96702	NA	3597	IL13RA1	2.2503	0.0404
LINCSCP_96702	NA	4836	NMT1	1.893	0.0406
LINCSCP_96702	NA	3800	KIF5C	2.8894	0.0406
LINCSCP_96702	NA	55837	EAPP	-5.2966	0.0409
LINCSCP_96702	NA	11044	PAPD7	2.0736	0.041
LINCSCP_96702	NA	5321	PLA2G4A	1.8665	0.041
LINCSCP_96702	NA	2582	GALE	-7.2937	0.0414
LINCSCP_96702	NA	9813	EFCAB14	2.8298	0.0414
LINCSCP_96702	NA	6253	RTN2	1.7839	0.0414
LINCSCP_96702	NA	124583	CANT1	-2.1276	0.0415
LINCSCP_96702	NA	29937	NENF	-3.6154	0.0416
LINCSCP_96702	NA	7852	CXCR4	2.2895	0.0416
LINCSCP_96702	NA	701	BUB1B	2.4022	0.042
LINCSCP_96702	NA	55556	ENOSF1	-5.1432	0.0421
LINCSCP_96702	NA	11284	PNKP	-2.2624	0.0421
LINCSCP_96702	NA	1994	ELAVL1	1.7673	0.0423
LINCSCP_96702	NA	85377	MICALL1	-3.4162	0.0425
LINCSCP_96702	NA	55127	HEATR1	-3.9322	0.0428
LINCSCP_96702	NA	1643	DDB2	-5.8642	0.0431
LINCSCP_96702	NA	6909	TBX2	2.1217	0.0434
LINCSCP_96702	NA	5993	RFX5	-2.8546	0.0438
LINCSCP_96702	NA	23658	LSM5	-3.6829	0.0443
LINCSCP_96702	NA	55129	ANO10	1.8023	0.0444
LINCSCP_96702	NA	4482	MSRA	-2.9186	0.045
LINCSCP_96702	NA	5927	KDM5A	3.5404	0.045
LINCSCP_96702	NA	64428	NARFL	1.8812	0.0455
LINCSCP_96702	NA	4154	MBNL1	-3.939	0.0457
LINCSCP_96702	NA	1212	CLTB	2.1783	0.0462
LINCSCP_96702	NA	8624	PSMG1	-7.0818	0.047
LINCSCP_96702	NA	3157	HMGCS1	-1.6813	0.047
LINCSCP_96702	NA	50814	NSDHL	1.9116	0.0472
LINCSCP_96702	NA	5889	RAD51C	-4.0526	0.0474
LINCSCP_96702	NA	10190	TXNDC9	-4.7123	0.0476
LINCSCP_96702	NA	25839	COG4	-1.6777	0.0477
LINCSCP_96702	NA	3091	HIF1A	-6.9769	0.0482
LINCSCP_96702	NA	9517	SPTLC2	-2.5781	0.0483
LINCSCP_96702	NA	7099	TLR4	1.6873	0.0483
LINCSCP_96702	NA	57215	THAP11	2.2487	0.0487
LINCSCP_96702	NA	22887	FOXJ3	3.7879	0.0492
LINCSCP_96702	NA	5747	PTK2	2.2991	0.0492
LINCSCP_96702	NA	392	ARHGAP1	-7.119	0.0494
LINCSCP_96702	NA	8396	PIP4K2B	-1.6295	0.0502
LINCSCP_96702	NA	1950	EGF	-4.1248	0.0502
LINCSCP_96702	NA	27242	TNFRSF21	1.6878	0.0504
LINCSCP_96702	NA	79947	DHDDS	2.0522	0.0511
LINCSCP_96702	NA	26128	KIF1BP	-4.0214	0.0515
LINCSCP_96702	NA	5607	MAP2K5	1.7324	0.0516
LINCSCP_96702	NA	2958	GTF2A2	-1.7193	0.0517
LINCSCP_96702	NA	6117	RPA1	-2.5002	0.0527
LINCSCP_96702	NA	9703	KIAA0100	-3.0718	0.0528
LINCSCP_96702	NA	6464	SHC1	1.608	0.053
LINCSCP_96702	NA	25874	MPC2	1.9793	0.0531
LINCSCP_96702	NA	5782	PTPN12	1.615	0.0531
LINCSCP_96702	NA	6304	SATB1	-1.9433	0.0534
LINCSCP_96702	NA	2954	GSTZ1	-1.5849	0.0534
LINCSCP_96702	NA	3551	IKBKB	4.7755	0.0537
LINCSCP_96702	NA	10953	TOMM34	-2.6732	0.0554
LINCSCP_96702	NA	3300	DNAJB2	6.2237	0.0558
LINCSCP_96702	NA	6657	SOX2	1.5513	0.0559
LINCSCP_96702	NA	998	CDC42	-6.9889	0.0561
LINCSCP_96702	NA	1514	CTSL	1.5497	0.0563
LINCSCP_96702	NA	51005	AMDHD2	-2.4006	0.0564
LINCSCP_96702	NA	200081	TXLNA	-1.5392	0.0573
LINCSCP_96702	NA	51015	ISOC1	3.3922	0.0574
LINCSCP_96702	NA	55608	ANKRD10	6.404	0.0575
LINCSCP_96702	NA	51031	GLOD4	-6.96	0.0577
LINCSCP_96702	NA	1062	CENPE	-2.0572	0.0582
LINCSCP_96702	NA	10610	ST6GALNAC2	2.3303	0.0583
LINCSCP_96702	NA	5480	PPIC	-3.173	0.0586
LINCSCP_96702	NA	9289	ADGRG1	4.0416	0.0591
LINCSCP_96702	NA	8503	PIK3R3	3.4852	0.0595
LINCSCP_96702	NA	9917	FAM20B	2.1172	0.0595
LINCSCP_96702	NA	79921	TCEAL4	-1.9485	0.0596
LINCSCP_96702	NA	10131	TRAP1	-1.517	0.0604
LINCSCP_96702	NA	642	BLMH	2.2052	0.0608
LINCSCP_96702	NA	4313	MMP2	-1.6423	0.0608
LINCSCP_96702	NA	9695	EDEM1	1.4862	0.0608
LINCSCP_96702	NA	4792	NFKBIA	-2.7304	0.0609
LINCSCP_96702	NA	873	CBR1	2.1158	0.061
LINCSCP_96702	NA	6777	STAT5B	1.7389	0.062
LINCSCP_96702	NA	7015	TERT	1.8391	0.0621
LINCSCP_96702	NA	5050	PAFAH1B3	-3.0732	0.0625
LINCSCP_96702	NA	63874	ABHD4	3.6272	0.0626
LINCSCP_96702	NA	3280	HES1	2.0146	0.0629
LINCSCP_96702	NA	9246	UBE2L6	1.4728	0.0633
LINCSCP_96702	NA	5710	PSMD4	-1.6322	0.0637
LINCSCP_96702	NA	3098	HK1	2.1762	0.0656
LINCSCP_96702	NA	57406	ABHD6	6.8205	0.0657
LINCSCP_96702	NA	54499	TMCO1	1.5272	0.066
LINCSCP_96702	NA	1111	CHEK1	-2.1614	0.0666
LINCSCP_96702	NA	51001	MTERF3	-5.4363	0.0669
LINCSCP_96702	NA	1399	CRKL	1.4471	0.0671
LINCSCP_96702	NA	10845	CLPX	2.2643	0.0675
LINCSCP_96702	NA	9918	NCAPD2	-4.9189	0.0675
LINCSCP_96702	NA	695	BTK	2.1296	0.0685
LINCSCP_96702	NA	54505	DHX29	6.3465	0.0687
LINCSCP_96702	NA	79170	PRR15L	1.4192	0.0691
LINCSCP_96702	NA	596	BCL2	2.7488	0.0697
LINCSCP_96702	NA	6599	SMARCC1	-2.7916	0.0709
LINCSCP_96702	NA	23039	XPO7	-2.155	0.0714
LINCSCP_96702	NA	54957	TXNL4B	3.5772	0.0716
LINCSCP_96702	NA	10051	SMC4	-1.6192	0.0716
LINCSCP_96702	NA	23386	NUDCD3	-3.4793	0.0719
LINCSCP_96702	NA	7048	TGFBR2	-2.8097	0.072
LINCSCP_96702	NA	2288	FKBP4	1.382	0.0722
LINCSCP_96702	NA	5891	MOK	-4.2915	0.0723
LINCSCP_96702	NA	5566	PRKACA	-1.3723	0.0723
LINCSCP_96702	NA	868	CBLB	6.5778	0.0728
LINCSCP_96702	NA	85236	HIST1H2BK	1.936	0.073
LINCSCP_96702	NA	2264	FGFR4	2.8963	0.0748
LINCSCP_96702	NA	8508	NIPSNAP1	-3.3837	0.0751
LINCSCP_96702	NA	1802	DPH2	1.3867	0.0763
LINCSCP_96702	NA	8550	MAPKAPK5	4.0561	0.0765
LINCSCP_96702	NA	8444	DYRK3	1.7492	0.0768
LINCSCP_96702	NA	64429	ZDHHC6	-2.7294	0.077
LINCSCP_96702	NA	5355	PLP2	-1.6722	0.0773
LINCSCP_96702	NA	8318	CDC45	-1.5807	0.0776
LINCSCP_96702	NA	4927	NUP88	3.2849	0.0785
LINCSCP_96702	NA	51422	PRKAG2	-1.4314	0.0795
LINCSCP_96702	NA	1454	CSNK1E	1.9229	0.0797
LINCSCP_96702	NA	51282	SCAND1	-5.1537	0.08
LINCSCP_96702	NA	4893	NRAS	-1.3164	0.0807
LINCSCP_96702	NA	10525	HYOU1	1.8604	0.0808
LINCSCP_96702	NA	64080	RBKS	-2.5344	0.0811
LINCSCP_96702	NA	6118	RPA2	-1.3405	0.0819
LINCSCP_96702	NA	9817	KEAP1	1.7792	0.082
LINCSCP_96702	NA	8895	CPNE3	-3.5	0.0821
LINCSCP_96702	NA	9690	UBE3C	2.3016	0.0823
LINCSCP_96702	NA	5880	RAC2	-1.7071	0.0823
LINCSCP_96702	NA	5357	PLS1	-3.5354	0.0827
LINCSCP_96702	NA	26036	ZNF451	1.2758	0.0828
LINCSCP_96702	NA	5867	RAB4A	-1.7475	0.0828
LINCSCP_96702	NA	5925	RB1	-1.6724	0.0829
LINCSCP_96702	NA	55893	ZNF395	1.288	0.0831
LINCSCP_96702	NA	22796	COG2	-1.3142	0.0833
LINCSCP_96702	NA	29103	DNAJC15	-1.8564	0.0833
LINCSCP_96702	NA	2946	GSTM2	-1.3136	0.0835
LINCSCP_96702	NA	24149	ZNF318	-1.6408	0.084
LINCSCP_96702	NA	10765	KDM5B	-1.3683	0.0842
LINCSCP_96702	NA	9467	SH3BP5	-1.3614	0.0843
LINCSCP_96702	NA	94239	H2AFV	1.2823	0.0848
LINCSCP_96702	NA	9053	MAP7	6.5214	0.0854
LINCSCP_96702	NA	23076	RRP1B	-1.3823	0.0858
LINCSCP_96702	NA	6774	STAT3	-1.4329	0.0872
LINCSCP_96702	NA	5641	LGMN	1.2712	0.0888
LINCSCP_96702	NA	58533	SNX6	3.0852	0.089
LINCSCP_96702	NA	2309	FOXO3	3.7551	0.0892
LINCSCP_96702	NA	29890	RBM15B	3.2367	0.0893
LINCSCP_96702	NA	25987	TSKU	-1.5658	0.0899
LINCSCP_96702	NA	5699	PSMB10	-3.1016	0.0907
LINCSCP_96702	NA	1861	TOR1A	1.2722	0.0913
LINCSCP_96702	NA	66008	TRAK2	-2.1844	0.0917
LINCSCP_96702	NA	1385	CREB1	-6.4355	0.0917
LINCSCP_96702	NA	91137	SLC25A46	-2.2532	0.093
LINCSCP_96702	NA	958	CD40	1.2164	0.0933
LINCSCP_96702	NA	23200	ATP11B	1.1902	0.0951
LINCSCP_96702	NA	9261	MAPKAPK2	2.5619	0.0954
LINCSCP_96702	NA	2222	FDFT1	-4.7755	0.096
LINCSCP_96702	NA	10123	ARL4C	2.024	0.0966
LINCSCP_96702	NA	55604	LRRC16A	6.3682	0.0969
LINCSCP_96702	NA	22905	EPN2	3.3161	0.0987
LINCSCP_96702	NA	55012	PPP2R3C	-2.3564	0.0987
LINCSCP_96702	NA	727	C5	-1.1955	0.0988
LINCSCP_96702	NA	128	ADH5	-1.6606	0.0989
LINCSCP_96702	NA	11014	KDELR2	1.1555	0.1004
LINCSCP_96702	NA	1906	EDN1	1.1581	0.1005
LINCSCP_96702	NA	847	CAT	1.8274	0.1008
LINCSCP_96702	NA	30849	PIK3R4	-1.5787	0.105
LINCSCP_96702	NA	10058	ABCB6	2.2581	0.1053
LINCSCP_96702	NA	1026	CDKN1A	1.1861	0.1053
LINCSCP_96702	NA	230	ALDOC	-1.1944	0.1054
LINCSCP_96702	NA	10730	YME1L1	2.9682	0.1056
LINCSCP_96702	NA	27095	TRAPPC3	-1.4924	0.1057
LINCSCP_96702	NA	2263	FGFR2	1.4794	0.1062
LINCSCP_96702	NA	965	CD58	-1.7373	0.1064
LINCSCP_96702	NA	9276	COPB2	2.8684	0.1073
LINCSCP_96702	NA	47	ACLY	-1.3892	0.1077
LINCSCP_96702	NA	5525	PPP2R5A	1.4133	0.1105
LINCSCP_96702	NA	10797	MTHFD2	1.097	0.1105
LINCSCP_96702	NA	9217	VAPB	-1.1194	0.1107
LINCSCP_96702	NA	10857	PGRMC1	-1.2062	0.112
LINCSCP_96702	NA	4998	ORC1	1.1341	0.1128
LINCSCP_96702	NA	55148	UBR7	-4.2511	0.1141
LINCSCP_96702	NA	54681	P4HTM	-1.9704	0.1143
LINCSCP_96702	NA	6509	SLC1A4	1.1621	0.1144
LINCSCP_96702	NA	11325	DDX42	5.33	0.1145
LINCSCP_96702	NA	8569	MKNK1	1.0736	0.1151
LINCSCP_96702	NA	8349	HIST2H2BE	1.0824	0.1161
LINCSCP_96702	NA	9637	FEZ2	-1.0732	0.1167
LINCSCP_96702	NA	7994	KAT6A	1.2836	0.1169
LINCSCP_96702	NA	5588	PRKCQ	6.0991	0.1196
LINCSCP_96702	NA	29978	UBQLN2	-1.1058	0.1202
LINCSCP_96702	NA	8731	RNMT	2.45	0.1207
LINCSCP_96702	NA	3815	KIT	2.4868	0.122
LINCSCP_96702	NA	2146	EZH2	2.3902	0.1236
LINCSCP_96702	NA	6597	SMARCA4	-1.6144	0.1239
LINCSCP_96702	NA	4200	ME2	-1.767	0.1242
LINCSCP_96702	NA	3909	LAMA3	-1.6428	0.1255
LINCSCP_96702	NA	9833	MELK	-1.0752	0.1275
LINCSCP_96702	NA	9275	BCL7B	1.3642	0.1283
LINCSCP_96702	NA	5603	MAPK13	6.0046	0.1283
LINCSCP_96702	NA	29928	TIMM22	1.1159	0.1291
LINCSCP_96702	NA	2058	EPRS	-1.6274	0.1291
LINCSCP_96702	NA	329	BIRC2	-1.317	0.1294
LINCSCP_96702	NA	5498	PPOX	1.0817	0.1296
LINCSCP_96702	NA	1662	DDX10	1.0856	0.1298
LINCSCP_96702	NA	10813	UTP14A	1.142	0.1301
LINCSCP_96702	NA	5583	PRKCH	1.4512	0.1306
LINCSCP_96702	NA	4776	NFATC4	2.1715	0.1309
LINCSCP_96702	NA	4331	MNAT1	-2.698	0.1311
LINCSCP_96702	NA	1677	DFFB	2.024	0.1314
LINCSCP_96702	NA	902	CCNH	2.1367	0.1319
LINCSCP_96702	NA	23499	MACF1	-1.1168	0.1324
LINCSCP_96702	NA	2769	GNA15	1.0418	0.1327
LINCSCP_96702	NA	11232	POLG2	1.1735	0.1329
LINCSCP_96702	NA	9170	LPAR2	1.0165	0.1336
LINCSCP_96702	NA	23326	USP22	-2.003	0.1363
LINCSCP_96702	NA	8243	SMC1A	-3.4249	0.1369
LINCSCP_96702	NA	6009	RHEB	1.0258	0.1376
LINCSCP_96702	NA	10057	ABCC5	1.7942	0.1383
LINCSCP_96702	NA	6697	SPR	0.9686	0.1385
LINCSCP_96702	NA	9134	CCNE2	-1.6958	0.1395
LINCSCP_96702	NA	2042	EPHA3	-2.7103	0.1408
LINCSCP_96702	NA	5108	PCM1	-0.9902	0.1408
LINCSCP_96702	NA	23338	JADE2	-2.2935	0.1409
LINCSCP_96702	NA	7165	TPD52L2	1.4142	0.1409
LINCSCP_96702	NA	10644	IGF2BP2	0.9716	0.1413
LINCSCP_96702	NA	79600	TCTN1	-3.1048	0.1417
LINCSCP_96702	NA	976	ADGRE5	0.9499	0.1433
LINCSCP_96702	NA	51465	UBE2J1	1.0434	0.1443
LINCSCP_96702	NA	3066	HDAC2	-0.9716	0.1444
LINCSCP_96702	NA	8324	FZD7	-2.1889	0.1477
LINCSCP_96702	NA	6195	RPS6KA1	-0.9522	0.1479
LINCSCP_96702	NA	51160	VPS28	-0.9431	0.1488
LINCSCP_96702	NA	1666	DECR1	-5.2205	0.1503
LINCSCP_96702	NA	10007	GNPDA1	0.9675	0.1507
LINCSCP_96702	NA	4690	NCK1	-1.3873	0.1513
LINCSCP_96702	NA	291	SLC25A4	-3.4724	0.1528
LINCSCP_96702	NA	1052	CEBPD	3.1524	0.15310000000000001
LINCSCP_96702	NA	5257	PHKB	-0.9419	0.1542
LINCSCP_96702	NA	9702	CEP57	0.9416	0.1565
LINCSCP_96702	NA	3383	ICAM1	0.9336	0.1577
LINCSCP_96702	NA	1829	DSG2	-2.1358	0.1581
LINCSCP_96702	NA	7088	TLE1	1.1667	0.1581
LINCSCP_96702	NA	1213	CLTC	-1.3818	0.1583
LINCSCP_96702	NA	64781	CERK	1.4715	0.1595
LINCSCP_96702	NA	10276	NET1	2.5335	0.1598
LINCSCP_96702	NA	23224	SYNE2	-2.1366	0.1612
LINCSCP_96702	NA	256364	EML3	3.1029	0.1626
LINCSCP_96702	NA	10451	VAV3	3.4373	0.1649
LINCSCP_96702	NA	3108	HLA-DMA	2.6056	0.167
LINCSCP_96702	NA	5900	RALGDS	0.9235	0.168
LINCSCP_96702	NA	5373	PMM2	0.8724	0.1683
LINCSCP_96702	NA	81544	GDPD5	2.1578	0.1692
LINCSCP_96702	NA	1958	EGR1	-1.6338	0.1693
LINCSCP_96702	NA	27244	SESN1	0.8608	0.1701
LINCSCP_96702	NA	23635	SSBP2	1.235	0.1702
LINCSCP_96702	NA	2961	GTF2E2	-0.8942	0.1713
LINCSCP_96702	NA	5921	RASA1	-3.1388	0.1714
LINCSCP_96702	NA	840	CASP7	1.7122	0.1724
LINCSCP_96702	NA	2896	GRN	0.9752	0.1726
LINCSCP_96702	NA	51385	ZNF589	1.077	0.1728
LINCSCP_96702	NA	80204	FBXO11	-2.5371	0.1731
LINCSCP_96702	NA	4791	NFKB2	-0.8737	0.1748
LINCSCP_96702	NA	10318	TNIP1	-1.0553	0.1779
LINCSCP_96702	NA	4216	MAP3K4	1.6332	0.1782
LINCSCP_96702	NA	6603	SMARCD2	2.5322	0.1786
LINCSCP_96702	NA	572	BAD	0.8923	0.179
LINCSCP_96702	NA	501	ALDH7A1	-2.2398	0.1798
LINCSCP_96702	NA	4931	NVL	0.848	0.1801
LINCSCP_96702	NA	23670	TMEM2	-0.9942	0.1804
LINCSCP_96702	NA	64746	ACBD3	1.1425	0.1815
LINCSCP_96702	NA	79143	MBOAT7	1.1546	0.1836
LINCSCP_96702	NA	23647	ARFIP2	0.927	0.184
LINCSCP_96702	NA	10362	HMG20B	-1.0882	0.1845
LINCSCP_96702	NA	10969	EBNA1BP2	-1.1078	0.185
LINCSCP_96702	NA	9868	TOMM70A	1.7812	0.1859
LINCSCP_96702	NA	9915	ARNT2	0.8127	0.1866
LINCSCP_96702	NA	2063	NR2F6	-1.4556	0.1866
LINCSCP_96702	NA	836	CASP3	-0.8988	0.1867
LINCSCP_96702	NA	10153	CEBPZ	-0.9476	0.19
LINCSCP_96702	NA	7082	TJP1	-1.5088	0.1904
LINCSCP_96702	NA	6275	S100A4	-1.0663	0.1909
LINCSCP_96702	NA	5018	OXA1L	-0.834	0.192
LINCSCP_96702	NA	8821	INPP4B	-0.8384	0.1921
LINCSCP_96702	NA	58478	ENOPH1	-1.2346	0.1922
LINCSCP_96702	NA	29763	PACSIN3	-1.4273	0.1931
LINCSCP_96702	NA	11004	KIF2C	-0.8245	0.1938
LINCSCP_96702	NA	10150	MBNL2	-2.2148	0.1942
LINCSCP_96702	NA	4125	MAN2B1	1.4257	0.1991
LINCSCP_96702	NA	387	RHOA	-1.512	0.2008
LINCSCP_96702	NA	9143	SYNGR3	-1.1274	0.2028
LINCSCP_96702	NA	54623	PAF1	1.3175	0.2046
LINCSCP_96702	NA	3895	KTN1	-0.8806	0.2049
LINCSCP_96702	NA	11031	RAB31	-2.3712	0.2068
LINCSCP_96702	NA	10489	LRRC41	-1.1681	0.2072
LINCSCP_96702	NA	51170	HSD17B11	-3.4811	0.2085
LINCSCP_96702	NA	53343	NUDT9	-0.8666	0.2088
LINCSCP_96702	NA	4780	NFE2L2	1.9604	0.2107
LINCSCP_96702	NA	11011	TLK2	2.7576	0.2118
LINCSCP_96702	NA	54205	CYCS	0.749	0.2128
LINCSCP_96702	NA	9221	NOLC1	0.8141	0.2139
LINCSCP_96702	NA	23244	PDS5A	1.2805	0.2145
LINCSCP_96702	NA	11151	CORO1A	3.3961	0.216
LINCSCP_96702	NA	2817	GPC1	4.3068	0.2163
LINCSCP_96702	NA	670	BPHL	-1.3135	0.2163
LINCSCP_96702	NA	348	APOE	5.1819	0.221
LINCSCP_96702	NA	5715	PSMD9	-0.8782	0.2262
LINCSCP_96702	NA	1429	CRYZ	-0.733	0.2267
LINCSCP_96702	NA	93594	TBC1D31	1.3982	0.2276
LINCSCP_96702	NA	51375	SNX7	0.7695	0.2278
LINCSCP_96702	NA	2690	GHR	1.6699	0.2287
LINCSCP_96702	NA	8727	CTNNAL1	-1.5536	0.2295
LINCSCP_96702	NA	3308	HSPA4	0.7568	0.2324
LINCSCP_96702	NA	56924	PAK6	0.8971	0.2359
LINCSCP_96702	NA	10962	MLLT11	-1.7836	0.2359
LINCSCP_96702	NA	6813	STXBP2	-2.0444	0.2367
LINCSCP_96702	NA	9183	ZW10	1.2382	0.2375
LINCSCP_96702	NA	6894	TARBP1	1.053	0.2381
LINCSCP_96702	NA	2065	ERBB3	0.9653	0.2386
LINCSCP_96702	NA	23335	WDR7	1.6573	0.241
LINCSCP_96702	NA	79187	FSD1	1.5611	0.241
LINCSCP_96702	NA	10559	SLC35A1	-1.3938	0.2464
LINCSCP_96702	NA	6990	DYNLT3	-1.4049	0.2482
LINCSCP_96702	NA	79716	NPEPL1	1.7905	0.2497
LINCSCP_96702	NA	10904	BLCAP	-1.8586	0.2505
LINCSCP_96702	NA	54807	ZNF586	1.8512	0.251
LINCSCP_96702	NA	23365	ARHGEF12	1.5638	0.2526
LINCSCP_96702	NA	8884	SLC5A6	1.1098	0.2544
LINCSCP_96702	NA	5154	PDGFA	0.8575	0.2554
LINCSCP_96702	NA	6050	RNH1	0.8042	0.2555
LINCSCP_96702	NA	9375	TM9SF2	1.1534	0.2568
LINCSCP_96702	NA	60528	ELAC2	-0.7647	0.2595
LINCSCP_96702	NA	51466	EVL	4.3168	0.2614
LINCSCP_96702	NA	7074	TIAM1	4.8782	0.2623
LINCSCP_96702	NA	1465	CSRP1	-4.8314	0.2689
LINCSCP_96702	NA	2597	GAPDH	-1.668	0.2694
LINCSCP_96702	NA	81533	ITFG1	-0.647	0.2704
LINCSCP_96702	NA	89910	UBE3B	-0.6343	0.2738
LINCSCP_96702	NA	60493	FASTKD5	1.9926	0.2743
LINCSCP_96702	NA	10695	CNPY3	0.6923	0.2811
LINCSCP_96702	NA	9097	USP14	1.0253	0.283
LINCSCP_96702	NA	9797	TATDN2	0.6334	0.2834
LINCSCP_96702	NA	4208	MEF2C	-0.6488	0.2861
LINCSCP_96702	NA	9448	MAP4K4	-0.665	0.2877
LINCSCP_96702	NA	11142	PKIG	-2.1618	0.2881
LINCSCP_96702	NA	6500	SKP1	-0.6097	0.2892
LINCSCP_96702	NA	2778	GNAS	-0.9619	0.2893
LINCSCP_96702	NA	91949	COG7	-1.4346	0.295
LINCSCP_96702	NA	7905	REEP5	-0.5938	0.2958
LINCSCP_96702	NA	23378	RRP8	0.7683	0.2977
LINCSCP_96702	NA	808	CALM3	-1.102	0.3007
LINCSCP_96702	NA	2908	NR3C1	-1.4945	0.3018
LINCSCP_96702	NA	28969	BZW2	2.2403	0.3028
LINCSCP_96702	NA	10921	RNPS1	1.0802	0.3029
LINCSCP_96702	NA	5777	PTPN6	0.8546	0.3061
LINCSCP_96702	NA	5440	POLR2K	-1.2218	0.3119
LINCSCP_96702	NA	2810	SFN	-1.6762	0.3119
LINCSCP_96702	NA	64943	NT5DC2	0.7594	0.3164
LINCSCP_96702	NA	22883	CLSTN1	0.6405	0.3176
LINCSCP_96702	NA	55958	KLHL9	-0.9276	0.3213
LINCSCP_96702	NA	351	APP	1.8148	0.3221
LINCSCP_96702	NA	55746	NUP133	0.8861	0.3225
LINCSCP_96702	NA	1001	CDH3	0.5458	0.3248
LINCSCP_96702	NA	5971	RELB	4.4529	0.3255
LINCSCP_96702	NA	65057	ACD	2.4427	0.3259
LINCSCP_96702	NA	29916	SNX11	1.6032	0.3309
LINCSCP_96702	NA	7077	TIMP2	0.8608	0.3319
LINCSCP_96702	NA	2534	FYN	0.648	0.3377
LINCSCP_96702	NA	1759	DNM1	1.3729	0.3391
LINCSCP_96702	NA	6390	SDHB	-1.1511	0.3422
LINCSCP_96702	NA	8837	CFLAR	-1.6846	0.3455
LINCSCP_96702	NA	56940	DUSP22	-1.4899	0.3467
LINCSCP_96702	NA	10589	DRAP1	-0.7802	0.3476
LINCSCP_96702	NA	1022	CDK7	1.1222	0.3505
LINCSCP_96702	NA	5289	PIK3C3	1.3395	0.3544
LINCSCP_96702	NA	57149	LYRM1	-1.0604	0.3559
LINCSCP_96702	NA	8869	ST3GAL5	4.2591	0.3561
LINCSCP_96702	NA	8573	CASK	0.4948	0.3625
LINCSCP_96702	NA	6659	SOX4	-2.9053	0.3655
LINCSCP_96702	NA	3725	JUN	0.5056	0.3681
LINCSCP_96702	NA	9653	HS2ST1	0.5409	0.3685
LINCSCP_96702	NA	9112	MTA1	1.1851	0.3691
LINCSCP_96702	NA	8678	BECN1	1.3257	0.3693
LINCSCP_96702	NA	7690	ZNF131	0.8923	0.374
LINCSCP_96702	NA	26001	RNF167	0.49	0.3743
LINCSCP_96702	NA	8091	HMGA2	-0.495	0.3754
LINCSCP_96702	NA	6193	RPS5	0.6128	0.3784
LINCSCP_96702	NA	5287	PIK3C2B	0.5167	0.3804
LINCSCP_96702	NA	5985	RFC5	-0.5978	0.3811
LINCSCP_96702	NA	10046	MAMLD1	0.942	0.3814
LINCSCP_96702	NA	6184	RPN1	-1.4105	0.3831
LINCSCP_96702	NA	9267	CYTH1	0.4938	0.3837
LINCSCP_96702	NA	8726	EED	-0.5267	0.3839
LINCSCP_96702	NA	23013	SPEN	2.2075	0.3845
LINCSCP_96702	NA	2037	EPB41L2	-0.5034	0.39
LINCSCP_96702	NA	10227	MFSD10	4.0456	0.3907
LINCSCP_96702	NA	3156	HMGCR	-4.0434	0.3911
LINCSCP_96702	NA	4925	NUCB2	0.925	0.3948
LINCSCP_96702	NA	63933	MCUR1	-0.6182	0.3977
LINCSCP_96702	NA	2736	GLI2	-0.522	0.3986
LINCSCP_96702	NA	23014	FBXO21	-0.4502	0.4031
LINCSCP_96702	NA	1021	CDK6	1.1877	0.4056
LINCSCP_96702	NA	4891	SLC11A2	3.2396	0.4067
LINCSCP_96702	NA	4817	NIT1	-0.4407	0.4091
LINCSCP_96702	NA	7494	XBP1	-0.5788	0.4144
LINCSCP_96702	NA	637	BID	0.7116	0.417
LINCSCP_96702	NA	4043	LRPAP1	-1.0522	0.4236
LINCSCP_96702	NA	51335	NGRN	-0.9036	0.4268
LINCSCP_96702	NA	7867	MAPKAPK3	0.4251	0.432
LINCSCP_96702	NA	10237	SLC35B1	0.6956	0.4321
LINCSCP_96702	NA	22827	PUF60	0.608	0.4327
LINCSCP_96702	NA	10013	HDAC6	-0.4162	0.4335
LINCSCP_96702	NA	9897	KIAA0196	0.6555	0.4371
LINCSCP_96702	NA	3206	HOXA10	-0.5876	0.4379
LINCSCP_96702	NA	5106	PCK2	-0.4126	0.4379
LINCSCP_96702	NA	9928	KIF14	2.3611	0.4388
LINCSCP_96702	NA	25	ABL1	-0.5077	0.4397
LINCSCP_96702	NA	5788	PTPRC	0.4356	0.4406
LINCSCP_96702	NA	154	ADRB2	0.4732	0.4437
LINCSCP_96702	NA	11073	TOPBP1	-0.5993	0.4442
LINCSCP_96702	NA	80758	PRR7	0.9428	0.4519
LINCSCP_96702	NA	3202	HOXA5	0.3995	0.4519
LINCSCP_96702	NA	5048	PAFAH1B1	-1.6554	0.4578
LINCSCP_96702	NA	11007	CCDC85B	-0.7882	0.4633
LINCSCP_96702	NA	9124	PDLIM1	0.383	0.466
LINCSCP_96702	NA	10450	PPIE	-0.7499	0.4661
LINCSCP_96702	NA	2115	ETV1	0.4572	0.4672
LINCSCP_96702	NA	57019	CIAPIN1	1.1354	0.4745
LINCSCP_96702	NA	8720	MBTPS1	0.7578	0.4792
LINCSCP_96702	NA	375346	TMEM110	0.4838	0.484
LINCSCP_96702	NA	5331	PLCB3	-0.5408	0.4913
LINCSCP_96702	NA	1788	DNMT3A	-0.4558	0.4919
LINCSCP_96702	NA	9710	KIAA0355	0.538	0.4963
LINCSCP_96702	NA	10491	CRTAP	-0.7896	0.502
LINCSCP_96702	NA	55620	STAP2	0.517	0.5068
LINCSCP_96702	NA	5359	PLSCR1	0.4152	0.5094
LINCSCP_96702	NA	51719	CAB39	0.3529	0.5166
LINCSCP_96702	NA	56997	ADCK3	0.5094	0.5174
LINCSCP_96702	NA	5716	PSMD10	-1.588	0.5293
LINCSCP_96702	NA	2113	ETS1	-0.3258	0.54
LINCSCP_96702	NA	10180	RBM6	0.3078	0.5485
LINCSCP_96702	NA	54733	SLC35F2	0.3064	0.5509
LINCSCP_96702	NA	1445	CSK	-0.3019	0.5577
LINCSCP_96702	NA	1845	DUSP3	0.4848	0.5621
LINCSCP_96702	NA	6616	SNAP25	0.4124	0.5648
LINCSCP_96702	NA	10973	ASCC3	-0.5582	0.5658
LINCSCP_96702	NA	23522	KAT6B	0.5615	0.5676
LINCSCP_96702	NA	9805	SCRN1	-0.974	0.5888
LINCSCP_96702	NA	83743	GRWD1	0.4078	0.5935
LINCSCP_96702	NA	5423	POLB	0.6618	0.5989
LINCSCP_96702	NA	30	ACAA1	0.2804	0.6058
LINCSCP_96702	NA	23038	WDTC1	-0.7052	0.6199
LINCSCP_96702	NA	56889	TM9SF3	0.2684	0.6203
LINCSCP_96702	NA	26136	TES	0.249	0.6221
LINCSCP_96702	NA	50810	HDGFRP3	-0.2684	0.6398
LINCSCP_96702	NA	116832	RPL39L	0.9618	0.6467
LINCSCP_96702	NA	1123	CHN1	-0.2974	0.6481
LINCSCP_96702	NA	4846	NOS3	0.4028	0.6666
LINCSCP_96702	NA	58497	PRUNE	0.5006	0.6709
LINCSCP_96702	NA	79961	DENND2D	0.2401	0.6722
LINCSCP_96702	NA	7319	UBE2A	-0.2629	0.6756
LINCSCP_96702	NA	9093	DNAJA3	0.2146	0.6775
LINCSCP_96702	NA	64422	ATG3	0.3021	0.6851
LINCSCP_96702	NA	9761	MLEC	0.2276	0.6858
LINCSCP_96702	NA	9016	SLC25A14	0.3333	0.6942
LINCSCP_96702	NA	6499	SKIV2L	0.9168	0.7011
LINCSCP_96702	NA	23512	SUZ12	-0.2644	0.7022
LINCSCP_96702	NA	27109	ATP5S	-2.016	0.7086
LINCSCP_96702	NA	54915	YTHDF1	0.1983	0.7213
LINCSCP_96702	NA	5899	RALB	0.1978	0.7297
LINCSCP_96702	NA	1956	EGFR	0.4604	0.7316
LINCSCP_96702	NA	23142	DCUN1D4	-0.2926	0.7463
LINCSCP_96702	NA	25825	BACE2	1.051	0.7477
LINCSCP_96702	NA	9488	PIGB	0.1466	0.7678
LINCSCP_96702	NA	30001	ERO1L	0.1724	0.7691
LINCSCP_96702	NA	10810	WASF3	-0.2996	0.7721
LINCSCP_96702	NA	3398	ID2	-1.0019	0.7728
LINCSCP_96702	NA	2184	FAH	-0.1914	0.786
LINCSCP_96702	NA	9712	USP6NL	0.2504	0.7901
LINCSCP_96702	NA	2887	GRB10	-0.1511	0.7963
LINCSCP_96702	NA	2048	EPHB2	1.0353	0.7967
LINCSCP_96702	NA	23097	CDK19	0.1497	0.8105
LINCSCP_96702	NA	8800	PEX11A	-0.2994	0.8133
LINCSCP_96702	NA	8974	P4HA2	0.1249	0.8169
LINCSCP_96702	NA	79850	FAM57A	-0.2559	0.8227
LINCSCP_96702	NA	9641	IKBKE	-0.1306	0.8246
LINCSCP_96702	NA	23061	TBC1D9B	0.1574	0.8279
LINCSCP_96702	NA	54512	EXOSC4	0.2307	0.8301
LINCSCP_96702	NA	6908	TBP	0.1535	0.8328
LINCSCP_96702	NA	55011	PIH1D1	-0.1254	0.8447
LINCSCP_96702	NA	9943	OXSR1	-0.0946	0.8482
LINCSCP_96702	NA	6944	VPS72	0.1083	0.8494
LINCSCP_96702	NA	57178	ZMIZ1	0.2157	0.8526
LINCSCP_96702	NA	9686	VGLL4	-0.5564	0.8574
LINCSCP_96702	NA	80347	COASY	0.2042	0.8599
LINCSCP_96702	NA	7264	TSTA3	-0.3374	0.8652
LINCSCP_96702	NA	813	CALU	0.0736	0.8806
LINCSCP_96702	NA	1027	CDKN1B	-0.1945	0.8807
LINCSCP_96702	NA	9455	HOMER2	0.0724	0.8887
LINCSCP_96702	NA	51382	ATP6V1D	-0.1485	0.8957
LINCSCP_96702	NA	51056	LAP3	-0.0774	0.8983
LINCSCP_96702	NA	50865	HEBP1	0.165	0.9105
LINCSCP_96702	NA	6812	STXBP1	0.0749	0.9159
LINCSCP_96702	NA	10732	TCFL5	-0.0762	0.9188
LINCSCP_96702	NA	22823	MTF2	-0.1005	0.9198
LINCSCP_96702	NA	2553	GABPB1	-0.0512	0.9329
LINCSCP_96702	NA	355	FAS	-0.0401	0.9388
LINCSCP_96702	NA	7466	WFS1	-0.2076	0.9443
LINCSCP_96702	NA	11072	DUSP14	-0.0965	0.945
LINCSCP_96702	NA	581	BAX	-0.0683	0.9485
LINCSCP_96702	NA	323	APBB2	-0.0618	0.9505
LINCSCP_96702	NA	835	CASP2	-0.0508	0.951
LINCSCP_96702	NA	29911	HOOK2	-0.0526	0.9532
LINCSCP_96702	NA	55008	HERC6	-0.0298	0.9562
LINCSCP_96702	NA	84159	ARID5B	-0.0284	0.9587
LINCSCP_96702	NA	55033	FKBP14	0.0396	0.9599
LINCSCP_96702	NA	1891	ECH1	0.0481	0.9673
LINCSCP_96702	NA	3385	ICAM3	-0.043	0.9742
LINCSCP_96702	NA	51070	NOSIP	0.0222	0.9841
LINCSCP_96702	NA	5627	PROS1	-0.0026	0.9957
LINCSCP_96702	NA	8804	CREG1	0.0034	0.9965
LINCSCP_96702	NA	79006	METRN	0.0016	0.9974
LINCSCP_96702	NA	84890	ADO	0	1
