signatureID	PROBE	ID_geneid	Name_GeneSymbol	Value_LogDiffExp	Significance_pvalue
LINCSCP_36055	NA	3895	KTN1	-2.0793	0.0015
LINCSCP_36055	NA	8349	HIST2H2BE	-1.5032	0.0018
LINCSCP_36055	NA	9650	MTFR1	-1.622	0.0018
LINCSCP_36055	NA	310	ANXA7	1.4346	0.0021
LINCSCP_36055	NA	332	BIRC5	1.443	0.0024
LINCSCP_36055	NA	6347	CCL2	-1.3866	0.0024
LINCSCP_36055	NA	4776	NFATC4	-1.4293	0.0027
LINCSCP_36055	NA	2263	FGFR2	-1.879	0.0028
LINCSCP_36055	NA	10123	ARL4C	-1.6091	0.0029
LINCSCP_36055	NA	55129	ANO10	1.4464	0.0033
LINCSCP_36055	NA	6182	MRPL12	1.4053	0.0033
LINCSCP_36055	NA	1050	CEBPA	1.2677	0.0034
LINCSCP_36055	NA	2769	GNA15	-1.3563	0.0035
LINCSCP_36055	NA	54499	TMCO1	1.2357	0.0036
LINCSCP_36055	NA	388650	FAM69A	-1.2489	0.0036
LINCSCP_36055	NA	23321	TRIM2	-1.2371	0.0037
LINCSCP_36055	NA	6944	VPS72	-1.2166	0.0039
LINCSCP_36055	NA	5788	PTPRC	-1.6342	0.0041
LINCSCP_36055	NA	7852	CXCR4	-1.5058	0.0042
LINCSCP_36055	NA	51005	AMDHD2	1.4815	0.0042
LINCSCP_36055	NA	1445	CSK	1.2256	0.0045
LINCSCP_36055	NA	55256	ADI1	1.2138	0.0047
LINCSCP_36055	NA	10206	TRIM13	-1.3927	0.0048
LINCSCP_36055	NA	9926	LPGAT1	1.1818	0.0048
LINCSCP_36055	NA	701	BUB1B	-1.2835	0.0051
LINCSCP_36055	NA	9712	USP6NL	1.4474	0.0053
LINCSCP_36055	NA	5792	PTPRF	-1.6274	0.0054
LINCSCP_36055	NA	9851	KIAA0753	-1.2081	0.0054
LINCSCP_36055	NA	348	APOE	-1.3434	0.0055
LINCSCP_36055	NA	6657	SOX2	-1.6362	0.0055
LINCSCP_36055	NA	8091	HMGA2	-1.4998	0.0055
LINCSCP_36055	NA	22827	PUF60	1.8315	0.0057
LINCSCP_36055	NA	9019	MPZL1	1.1131	0.0058
LINCSCP_36055	NA	64781	CERK	-1.573	0.006
LINCSCP_36055	NA	54850	FBXL12	-1.4922	0.006
LINCSCP_36055	NA	7020	TFAP2A	-1.9157	0.0061
LINCSCP_36055	NA	8480	RAE1	1.3136	0.0061
LINCSCP_36055	NA	79187	FSD1	-1.1032	0.0062
LINCSCP_36055	NA	4775	NFATC3	-1.0971	0.0062
LINCSCP_36055	NA	4313	MMP2	-1.4088	0.0064
LINCSCP_36055	NA	6117	RPA1	1.1805	0.0065
LINCSCP_36055	NA	29103	DNAJC15	-1.182	0.0066
LINCSCP_36055	NA	644	BLVRA	1.1867	0.0067
LINCSCP_36055	NA	6915	TBXA2R	-1.4938	0.0067
LINCSCP_36055	NA	7538	ZFP36	-1.3847	0.0069
LINCSCP_36055	NA	5054	SERPINE1	-1.1054	0.0071
LINCSCP_36055	NA	1647	GADD45A	-1.0396	0.0071
LINCSCP_36055	NA	4851	NOTCH1	-1.2192	0.0071
LINCSCP_36055	NA	7077	TIMP2	-1.2758	0.0072
LINCSCP_36055	NA	8573	CASK	1.24	0.0073
LINCSCP_36055	NA	9491	PSMF1	-1.5676	0.0073
LINCSCP_36055	NA	51385	ZNF589	-1.0256	0.0075
LINCSCP_36055	NA	1677	DFFB	-1.1693	0.0076
LINCSCP_36055	NA	808	CALM3	-1.5057	0.0076
LINCSCP_36055	NA	51024	FIS1	0.9795	0.0079
LINCSCP_36055	NA	572	BAD	1.019	0.008
LINCSCP_36055	NA	7982	ST7	1.1483	0.0081
LINCSCP_36055	NA	4931	NVL	-1.0644	0.0082
LINCSCP_36055	NA	1282	COL4A1	-1.0945	0.0083
LINCSCP_36055	NA	1500	CTNND1	-1.3407	0.0085
LINCSCP_36055	NA	2553	GABPB1	1.1584	0.0085
LINCSCP_36055	NA	55127	HEATR1	1.2342	0.0086
LINCSCP_36055	NA	1398	CRK	1.2163	0.0086
LINCSCP_36055	NA	5110	PCMT1	1.1094	0.0087
LINCSCP_36055	NA	79073	TMEM109	1.1843	0.0088
LINCSCP_36055	NA	57761	TRIB3	-0.9959	0.009
LINCSCP_36055	NA	27095	TRAPPC3	1.0497	0.009
LINCSCP_36055	NA	8914	TIMELESS	1.4417	0.0092
LINCSCP_36055	NA	1605	DAG1	0.9753	0.0093
LINCSCP_36055	NA	10049	DNAJB6	-1.4519	0.0093
LINCSCP_36055	NA	1676	DFFA	-1.0749	0.0093
LINCSCP_36055	NA	3066	HDAC2	0.9503	0.0094
LINCSCP_36055	NA	6659	SOX4	1.392	0.0097
LINCSCP_36055	NA	9918	NCAPD2	-1.2059	0.0097
LINCSCP_36055	NA	642	BLMH	1.1071	0.0097
LINCSCP_36055	NA	4125	MAN2B1	1.5514	0.0099
LINCSCP_36055	NA	4232	MEST	-1.1732	0.01
LINCSCP_36055	NA	2771	GNAI2	0.9944	0.0101
LINCSCP_36055	NA	1399	CRKL	-1.2077	0.0102
LINCSCP_36055	NA	23077	MYCBP2	-1.0759	0.0105
LINCSCP_36055	NA	652	BMP4	-1.3366	0.0106
LINCSCP_36055	NA	902	CCNH	-1.1172	0.0107
LINCSCP_36055	NA	4312	MMP1	-0.9332	0.0107
LINCSCP_36055	NA	11000	SLC27A3	-0.8793	0.011
LINCSCP_36055	NA	8446	DUSP11	-1.0048	0.0111
LINCSCP_36055	NA	58497	PRUNE	1.3606	0.0111
LINCSCP_36055	NA	727	C5	-1.073	0.0113
LINCSCP_36055	NA	993	CDC25A	0.9368	0.0113
LINCSCP_36055	NA	5529	PPP2R5E	-0.8992	0.0114
LINCSCP_36055	NA	22887	FOXJ3	1.4722	0.0116
LINCSCP_36055	NA	200734	SPRED2	-1.0282	0.012
LINCSCP_36055	NA	2274	FHL2	1.1431	0.012
LINCSCP_36055	NA	5106	PCK2	-1.5252	0.012
LINCSCP_36055	NA	10682	EBP	0.9273	0.0121
LINCSCP_36055	NA	7016	TESK1	-1.4034	0.0121
LINCSCP_36055	NA	23200	ATP11B	-1.0225	0.0122
LINCSCP_36055	NA	8508	NIPSNAP1	0.9605	0.0123
LINCSCP_36055	NA	2185	PTK2B	-1.1166	0.0123
LINCSCP_36055	NA	9842	PLEKHM1	-1.3435	0.0125
LINCSCP_36055	NA	8444	DYRK3	-0.8715	0.0127
LINCSCP_36055	NA	9961	MVP	-0.9015	0.013
LINCSCP_36055	NA	10398	MYL9	-1.2097	0.013
LINCSCP_36055	NA	958	CD40	-1.115	0.013
LINCSCP_36055	NA	831	CAST	-1.2483	0.0131
LINCSCP_36055	NA	26064	RAI14	-1.3278	0.0131
LINCSCP_36055	NA	51070	NOSIP	1.0903	0.0131
LINCSCP_36055	NA	90861	HN1L	0.8883	0.0134
LINCSCP_36055	NA	6616	SNAP25	-1.0232	0.0136
LINCSCP_36055	NA	3028	HSD17B10	0.9767	0.0136
LINCSCP_36055	NA	11004	KIF2C	0.9227	0.0139
LINCSCP_36055	NA	6464	SHC1	-1.1401	0.0139
LINCSCP_36055	NA	9928	KIF14	1.0445	0.0139
LINCSCP_36055	NA	5867	RAB4A	1.2485	0.0139
LINCSCP_36055	NA	23536	ADAT1	-1.1536	0.014
LINCSCP_36055	NA	9133	CCNB2	0.9468	0.0141
LINCSCP_36055	NA	11137	PWP1	0.9086	0.0142
LINCSCP_36055	NA	3566	IL4R	-1.473	0.0142
LINCSCP_36055	NA	25805	BAMBI	0.8614	0.0143
LINCSCP_36055	NA	3385	ICAM3	1.0161	0.0143
LINCSCP_36055	NA	5796	PTPRK	-1.7151	0.0143
LINCSCP_36055	NA	10857	PGRMC1	1.1485	0.0144
LINCSCP_36055	NA	23659	PLA2G15	0.942	0.0144
LINCSCP_36055	NA	10221	TRIB1	-1.2878	0.0144
LINCSCP_36055	NA	7015	TERT	-1.0008	0.0146
LINCSCP_36055	NA	2542	SLC37A4	0.9323	0.0146
LINCSCP_36055	NA	3454	IFNAR1	-1.0497	0.0147
LINCSCP_36055	NA	80212	CCDC92	0.9062	0.0147
LINCSCP_36055	NA	4998	ORC1	-1.1725	0.0147
LINCSCP_36055	NA	11182	SLC2A6	-0.8094	0.0148
LINCSCP_36055	NA	4216	MAP3K4	1.0968	0.0149
LINCSCP_36055	NA	22908	SACM1L	0.8116	0.0151
LINCSCP_36055	NA	5287	PIK3C2B	0.8132	0.0152
LINCSCP_36055	NA	27242	TNFRSF21	-1.1555	0.0153
LINCSCP_36055	NA	5366	PMAIP1	-0.8144	0.0153
LINCSCP_36055	NA	29978	UBQLN2	-1.1115	0.0155
LINCSCP_36055	NA	51742	ARID4B	0.9023	0.0155
LINCSCP_36055	NA	55893	ZNF395	-1.8564	0.0156
LINCSCP_36055	NA	55012	PPP2R3C	1.1919	0.0156
LINCSCP_36055	NA	51466	EVL	0.83	0.0159
LINCSCP_36055	NA	11044	PAPD7	-1.1122	0.0159
LINCSCP_36055	NA	7159	TP53BP2	-0.8176	0.0159
LINCSCP_36055	NA	3308	HSPA4	-1.3488	0.0162
LINCSCP_36055	NA	79174	CRELD2	-1.1116	0.0164
LINCSCP_36055	NA	5721	PSME2	1.064	0.0164
LINCSCP_36055	NA	6597	SMARCA4	0.9368	0.0165
LINCSCP_36055	NA	6812	STXBP1	0.9906	0.0165
LINCSCP_36055	NA	5321	PLA2G4A	-1.5409	0.0166
LINCSCP_36055	NA	23224	SYNE2	0.8511	0.0168
LINCSCP_36055	NA	25976	TIPARP	0.8751	0.0168
LINCSCP_36055	NA	7398	USP1	0.8082	0.017
LINCSCP_36055	NA	23244	PDS5A	0.9372	0.0173
LINCSCP_36055	NA	23326	USP22	1.1927	0.0174
LINCSCP_36055	NA	351	APP	-1.1405	0.0175
LINCSCP_36055	NA	6050	RNH1	0.7934	0.0176
LINCSCP_36055	NA	6603	SMARCD2	1.3564	0.0177
LINCSCP_36055	NA	57406	ABHD6	-0.7632	0.0177
LINCSCP_36055	NA	9710	KIAA0355	-1.3346	0.018
LINCSCP_36055	NA	26136	TES	-0.9609	0.018
LINCSCP_36055	NA	3964	LGALS8	-0.7803	0.0181
LINCSCP_36055	NA	10589	DRAP1	0.752	0.0186
LINCSCP_36055	NA	4794	NFKBIE	-1.1615	0.0188
LINCSCP_36055	NA	8624	PSMG1	0.8635	0.0191
LINCSCP_36055	NA	6908	TBP	1.1992	0.0191
LINCSCP_36055	NA	7043	TGFB3	-0.7489	0.0193
LINCSCP_36055	NA	9670	IPO13	-2.1532	0.0193
LINCSCP_36055	NA	23530	NNT	0.7661	0.0194
LINCSCP_36055	NA	2356	FPGS	0.7468	0.0194
LINCSCP_36055	NA	1802	DPH2	0.7831	0.0194
LINCSCP_36055	NA	976	ADGRE5	0.943	0.0197
LINCSCP_36055	NA	10915	TCERG1	0.879	0.0197
LINCSCP_36055	NA	6919	TCEA2	-1.1243	0.0198
LINCSCP_36055	NA	3553	IL1B	-0.7263	0.0199
LINCSCP_36055	NA	9517	SPTLC2	0.9676	0.0201
LINCSCP_36055	NA	5883	RAD9A	1.081	0.0202
LINCSCP_36055	NA	6793	STK10	-0.9125	0.0202
LINCSCP_36055	NA	147179	WIPF2	1.1011	0.0202
LINCSCP_36055	NA	9702	CEP57	-0.9048	0.0203
LINCSCP_36055	NA	8396	PIP4K2B	0.9348	0.0206
LINCSCP_36055	NA	1021	CDK6	0.9972	0.0206
LINCSCP_36055	NA	1662	DDX10	0.7349	0.0206
LINCSCP_36055	NA	51097	SCCPDH	1.094	0.0207
LINCSCP_36055	NA	26020	LRP10	0.757	0.0208
LINCSCP_36055	NA	1788	DNMT3A	-1.2662	0.0208
LINCSCP_36055	NA	5018	OXA1L	0.8873	0.0208
LINCSCP_36055	NA	2065	ERBB3	1.1969	0.0211
LINCSCP_36055	NA	5427	POLE2	1.0441	0.0215
LINCSCP_36055	NA	9690	UBE3C	0.9043	0.0215
LINCSCP_36055	NA	949	SCARB1	0.9404	0.0219
LINCSCP_36055	NA	7264	TSTA3	1.1263	0.022
LINCSCP_36055	NA	23378	RRP8	0.7603	0.0221
LINCSCP_36055	NA	7074	TIAM1	1.3003	0.0222
LINCSCP_36055	NA	2058	EPRS	1.0246	0.0223
LINCSCP_36055	NA	3909	LAMA3	0.7158	0.0225
LINCSCP_36055	NA	29911	HOOK2	0.7349	0.0228
LINCSCP_36055	NA	66008	TRAK2	0.8983	0.0232
LINCSCP_36055	NA	89910	UBE3B	-1.1451	0.0233
LINCSCP_36055	NA	4016	LOXL1	0.8332	0.0234
LINCSCP_36055	NA	9943	OXSR1	0.7839	0.0238
LINCSCP_36055	NA	2690	GHR	1.4846	0.0243
LINCSCP_36055	NA	51335	NGRN	-1.0807	0.0247
LINCSCP_36055	NA	2113	ETS1	-1.446	0.0248
LINCSCP_36055	NA	1978	EIF4EBP1	0.8446	0.0248
LINCSCP_36055	NA	29890	RBM15B	-0.9146	0.025
LINCSCP_36055	NA	23636	NUP62	0.844	0.025
LINCSCP_36055	NA	79850	FAM57A	1.0266	0.025
LINCSCP_36055	NA	23161	SNX13	-1.6798	0.0251
LINCSCP_36055	NA	6839	SUV39H1	0.8605	0.0256
LINCSCP_36055	NA	10641	NPRL2	-1.734	0.0256
LINCSCP_36055	NA	6856	SYPL1	1.0663	0.0259
LINCSCP_36055	NA	10491	CRTAP	0.8492	0.0261
LINCSCP_36055	NA	2548	GAA	0.7265	0.0263
LINCSCP_36055	NA	80204	FBXO11	0.6817	0.0263
LINCSCP_36055	NA	23647	ARFIP2	1.0728	0.0264
LINCSCP_36055	NA	23410	SIRT3	-0.7586	0.0264
LINCSCP_36055	NA	9897	KIAA0196	-0.8292	0.0266
LINCSCP_36055	NA	51375	SNX7	-0.6624	0.0267
LINCSCP_36055	NA	23011	RAB21	-0.933	0.0267
LINCSCP_36055	NA	3815	KIT	-1.1366	0.0269
LINCSCP_36055	NA	998	CDC42	1.3477	0.027
LINCSCP_36055	NA	2736	GLI2	-0.7801	0.0273
LINCSCP_36055	NA	230	ALDOC	0.9146	0.0275
LINCSCP_36055	NA	10782	ZNF274	-0.905	0.0275
LINCSCP_36055	NA	1994	ELAVL1	1.0301	0.0277
LINCSCP_36055	NA	5347	PLK1	1.0547	0.0278
LINCSCP_36055	NA	10559	SLC35A1	0.7335	0.0282
LINCSCP_36055	NA	1026	CDKN1A	0.7712	0.0284
LINCSCP_36055	NA	1213	CLTC	0.7106	0.0285
LINCSCP_36055	NA	3398	ID2	0.8319	0.0287
LINCSCP_36055	NA	1906	EDN1	-1.3006	0.0289
LINCSCP_36055	NA	5498	PPOX	-1.3427	0.0289
LINCSCP_36055	NA	7485	WRB	0.9457	0.0291
LINCSCP_36055	NA	994	CDC25B	0.8957	0.0293
LINCSCP_36055	NA	2956	MSH6	0.8014	0.0294
LINCSCP_36055	NA	2017	CTTN	1.5867	0.0296
LINCSCP_36055	NA	6832	SUPV3L1	-1.6762	0.0297
LINCSCP_36055	NA	10174	SORBS3	0.6652	0.0298
LINCSCP_36055	NA	10523	CHERP	0.7527	0.0298
LINCSCP_36055	NA	6772	STAT1	0.782	0.03
LINCSCP_36055	NA	1459	CSNK2A2	-1.1636	0.0305
LINCSCP_36055	NA	11168	PSIP1	0.8273	0.031
LINCSCP_36055	NA	10493	VAT1	0.8224	0.0312
LINCSCP_36055	NA	595	CCND1	0.664	0.0312
LINCSCP_36055	NA	5154	PDGFA	0.6974	0.0313
LINCSCP_36055	NA	84890	ADO	0.8046	0.0314
LINCSCP_36055	NA	79947	DHDDS	-0.6586	0.0317
LINCSCP_36055	NA	5373	PMM2	-0.7163	0.0318
LINCSCP_36055	NA	4200	ME2	0.6978	0.0319
LINCSCP_36055	NA	1429	CRYZ	0.8336	0.0322
LINCSCP_36055	NA	6697	SPR	0.8012	0.0326
LINCSCP_36055	NA	960	CD44	-1.3286	0.0326
LINCSCP_36055	NA	3551	IKBKB	-0.7252	0.0331
LINCSCP_36055	NA	5720	PSME1	0.7758	0.0331
LINCSCP_36055	NA	9915	ARNT2	-1.5265	0.0335
LINCSCP_36055	NA	22883	CLSTN1	0.7693	0.0335
LINCSCP_36055	NA	9221	NOLC1	0.6297	0.0338
LINCSCP_36055	NA	51056	LAP3	-1.0843	0.034
LINCSCP_36055	NA	55847	CISD1	-0.8875	0.034
LINCSCP_36055	NA	3416	IDE	1.185	0.0341
LINCSCP_36055	NA	6850	SYK	-0.6134	0.0344
LINCSCP_36055	NA	4817	NIT1	-1.4771	0.0349
LINCSCP_36055	NA	466	ATF1	0.9497	0.0352
LINCSCP_36055	NA	84159	ARID5B	-1.2115	0.0354
LINCSCP_36055	NA	10298	PAK4	0.9272	0.0358
LINCSCP_36055	NA	8895	CPNE3	0.8545	0.0359
LINCSCP_36055	NA	3508	IGHMBP2	-0.661	0.0361
LINCSCP_36055	NA	9653	HS2ST1	-0.8018	0.0364
LINCSCP_36055	NA	10954	PDIA5	0.8548	0.0365
LINCSCP_36055	NA	84722	PSRC1	-0.8232	0.0368
LINCSCP_36055	NA	1153	CIRBP	0.6685	0.0383
LINCSCP_36055	NA	5925	RB1	-0.6519	0.0386
LINCSCP_36055	NA	11031	RAB31	1.427	0.0388
LINCSCP_36055	NA	5873	RAB27A	-0.9485	0.0392
LINCSCP_36055	NA	207	AKT1	0.8313	0.0392
LINCSCP_36055	NA	25966	C2CD2	0.8957	0.0395
LINCSCP_36055	NA	55818	KDM3A	-1.9437	0.0398
LINCSCP_36055	NA	1635	DCTD	0.973	0.0398
LINCSCP_36055	NA	2817	GPC1	-0.614	0.0402
LINCSCP_36055	NA	5048	PAFAH1B1	-0.8771	0.0403
LINCSCP_36055	NA	79094	CHAC1	-1.0561	0.0403
LINCSCP_36055	NA	7416	VDAC1	0.7793	0.0407
LINCSCP_36055	NA	23463	ICMT	0.6574	0.0407
LINCSCP_36055	NA	23585	TMEM50A	0.8078	0.041
LINCSCP_36055	NA	7153	TOP2A	0.8094	0.0418
LINCSCP_36055	NA	392	ARHGAP1	0.6488	0.0418
LINCSCP_36055	NA	27109	ATP5S	0.7173	0.0419
LINCSCP_36055	NA	4154	MBNL1	0.7774	0.0421
LINCSCP_36055	NA	5986	RFNG	-0.7264	0.0426
LINCSCP_36055	NA	481	ATP1B1	0.5746	0.0427
LINCSCP_36055	NA	211	ALAS1	-1.0712	0.0428
LINCSCP_36055	NA	11261	CHP1	-0.6885	0.0429
LINCSCP_36055	NA	84617	TUBB6	0.9098	0.0436
LINCSCP_36055	NA	9246	UBE2L6	-0.9674	0.0442
LINCSCP_36055	NA	9097	USP14	-0.6656	0.0444
LINCSCP_36055	NA	3329	HSPD1	0.5655	0.0447
LINCSCP_36055	NA	23076	RRP1B	0.841	0.0449
LINCSCP_36055	NA	1950	EGF	-0.7522	0.045
LINCSCP_36055	NA	10818	FRS2	-0.5723	0.0456
LINCSCP_36055	NA	8321	FZD1	-1.1354	0.0459
LINCSCP_36055	NA	2582	GALE	0.7361	0.0459
LINCSCP_36055	NA	56654	NPDC1	0.7458	0.0464
LINCSCP_36055	NA	1983	EIF5	0.741	0.0464
LINCSCP_36055	NA	54881	TEX10	0.7401	0.0468
LINCSCP_36055	NA	1643	DDB2	0.6635	0.047
LINCSCP_36055	NA	10051	SMC4	0.7046	0.0474
LINCSCP_36055	NA	6195	RPS6KA1	1.7127	0.0478
LINCSCP_36055	NA	6253	RTN2	-0.992	0.0479
LINCSCP_36055	NA	11232	POLG2	0.6066	0.0481
LINCSCP_36055	NA	80347	COASY	0.7489	0.0481
LINCSCP_36055	NA	10969	EBNA1BP2	0.6331	0.0485
LINCSCP_36055	NA	26036	ZNF451	0.9707	0.0486
LINCSCP_36055	NA	9276	COPB2	0.5866	0.0487
LINCSCP_36055	NA	10730	YME1L1	0.7347	0.0489
LINCSCP_36055	NA	10845	CLPX	0.932	0.049
LINCSCP_36055	NA	7750	ZMYM2	0.7867	0.0493
LINCSCP_36055	NA	5290	PIK3CA	-0.8024	0.0495
LINCSCP_36055	NA	1029	CDKN2A	-0.6359	0.0503
LINCSCP_36055	NA	4582	MUC1	1.15	0.0507
LINCSCP_36055	NA	5708	PSMD2	-1.2104	0.051
LINCSCP_36055	NA	1452	CSNK1A1	0.743	0.0513
LINCSCP_36055	NA	836	CASP3	-0.6956	0.0515
LINCSCP_36055	NA	1001	CDH3	0.7127	0.0518
LINCSCP_36055	NA	5583	PRKCH	0.5496	0.052
LINCSCP_36055	NA	6342	SCP2	2.461	0.0523
LINCSCP_36055	NA	5613	PRKX	-0.628	0.0527
LINCSCP_36055	NA	2353	FOS	-1.1993	0.0528
LINCSCP_36055	NA	5993	RFX5	0.6948	0.0529
LINCSCP_36055	NA	64080	RBKS	0.6266	0.0529
LINCSCP_36055	NA	55699	IARS2	0.7441	0.0532
LINCSCP_36055	NA	2767	GNA11	0.536	0.0533
LINCSCP_36055	NA	965	CD58	0.9486	0.0537
LINCSCP_36055	NA	7157	TP53	0.6427	0.0538
LINCSCP_36055	NA	9797	TATDN2	0.71	0.0541
LINCSCP_36055	NA	672	BRCA1	1.3447	0.0543
LINCSCP_36055	NA	26520	TIMM9	1.0587	0.0548
LINCSCP_36055	NA	5108	PCM1	0.8032	0.0554
LINCSCP_36055	NA	2523	FUT1	-1.1153	0.0555
LINCSCP_36055	NA	4043	LRPAP1	0.5798	0.0555
LINCSCP_36055	NA	55748	CNDP2	0.74	0.0556
LINCSCP_36055	NA	58533	SNX6	0.5766	0.0559
LINCSCP_36055	NA	9988	DMTF1	-0.5681	0.0564
LINCSCP_36055	NA	10112	KIF20A	0.9239	0.0565
LINCSCP_36055	NA	8870	IER3	0.6148	0.0576
LINCSCP_36055	NA	10775	POP4	0.9584	0.0576
LINCSCP_36055	NA	9924	PAN2	0.5483	0.0576
LINCSCP_36055	NA	1027	CDKN1B	0.6525	0.0582
LINCSCP_36055	NA	26227	PHGDH	0.6534	0.0585
LINCSCP_36055	NA	8204	NRIP1	0.6264	0.0588
LINCSCP_36055	NA	10146	G3BP1	0.5322	0.059
LINCSCP_36055	NA	823	CAPN1	1.6806	0.0599
LINCSCP_36055	NA	2887	GRB10	-0.5017	0.06
LINCSCP_36055	NA	26292	MYCBP	0.6526	0.06
LINCSCP_36055	NA	23271	CAMSAP2	-1.0839	0.0612
LINCSCP_36055	NA	56889	TM9SF3	0.5121	0.0614
LINCSCP_36055	NA	23658	LSM5	-6.6584	0.0623
LINCSCP_36055	NA	9519	TBPL1	1.1224	0.0625
LINCSCP_36055	NA	7319	UBE2A	0.55	0.063
LINCSCP_36055	NA	51569	UFM1	0.54	0.0632
LINCSCP_36055	NA	10681	GNB5	0.7049	0.0632
LINCSCP_36055	NA	2946	GSTM2	-0.4921	0.0635
LINCSCP_36055	NA	23029	RBM34	-6.643	0.0635
LINCSCP_36055	NA	10557	RPP38	0.7919	0.0637
LINCSCP_36055	NA	3988	LIPA	-0.5201	0.0638
LINCSCP_36055	NA	4690	NCK1	0.4831	0.0641
LINCSCP_36055	NA	8569	MKNK1	-2.0849	0.0644
LINCSCP_36055	NA	8804	CREG1	0.5082	0.0648
LINCSCP_36055	NA	142	PARP1	0.8756	0.0649
LINCSCP_36055	NA	3156	HMGCR	-0.8984	0.0651
LINCSCP_36055	NA	10973	ASCC3	0.5947	0.0655
LINCSCP_36055	NA	3725	JUN	-0.6474	0.0659
LINCSCP_36055	NA	3925	STMN1	0.8366	0.0659
LINCSCP_36055	NA	55608	ANKRD10	0.9129	0.0663
LINCSCP_36055	NA	1981	EIF4G1	1.0176	0.0663
LINCSCP_36055	NA	56924	PAK6	0.9168	0.067
LINCSCP_36055	NA	39	ACAT2	-6.5921	0.0673
LINCSCP_36055	NA	2309	FOXO3	0.6189	0.0674
LINCSCP_36055	NA	6443	SGCB	0.5853	0.0678
LINCSCP_36055	NA	9217	VAPB	1.2289	0.0679
LINCSCP_36055	NA	9143	SYNGR3	3.1533	0.0683
LINCSCP_36055	NA	11098	PRSS23	0.4947	0.0686
LINCSCP_36055	NA	2146	EZH2	0.8382	0.0687
LINCSCP_36055	NA	11041	B4GAT1	0.9417	0.0694
LINCSCP_36055	NA	1509	CTSD	0.9132	0.0699
LINCSCP_36055	NA	5715	PSMD9	0.833	0.0703
LINCSCP_36055	NA	79170	PRR15L	-0.7686	0.0703
LINCSCP_36055	NA	83743	GRWD1	0.597	0.0705
LINCSCP_36055	NA	1022	CDK7	0.5258	0.0714
LINCSCP_36055	NA	9833	MELK	2.1803	0.0717
LINCSCP_36055	NA	54438	GFOD1	-0.6885	0.0724
LINCSCP_36055	NA	7905	REEP5	0.5456	0.0726
LINCSCP_36055	NA	6461	SHB	-0.6537	0.0732
LINCSCP_36055	NA	29763	PACSIN3	1.1894	0.0733
LINCSCP_36055	NA	23338	JADE2	0.5223	0.0743
LINCSCP_36055	NA	9686	VGLL4	0.8397	0.0744
LINCSCP_36055	NA	5092	PCBD1	0.8412	0.0745
LINCSCP_36055	NA	23039	XPO7	1.0039	0.0748
LINCSCP_36055	NA	387	RHOA	2.4652	0.0759
LINCSCP_36055	NA	427	ASAH1	0.9882	0.0762
LINCSCP_36055	NA	9275	BCL7B	1.1023	0.0769
LINCSCP_36055	NA	9126	SMC3	-0.4884	0.077
LINCSCP_36055	NA	2624	GATA2	2.2624	0.0772
LINCSCP_36055	NA	8312	AXIN1	0.6826	0.0775
LINCSCP_36055	NA	54681	P4HTM	0.961	0.0787
LINCSCP_36055	NA	533	ATP6V0B	0.9691	0.0793
LINCSCP_36055	NA	1848	DUSP6	-1.087	0.0797
LINCSCP_36055	NA	51021	MRPS16	1.0965	0.0805
LINCSCP_36055	NA	55033	FKBP14	0.6043	0.0806
LINCSCP_36055	NA	1666	DECR1	0.5512	0.0811
LINCSCP_36055	NA	9093	DNAJA3	-4.6094	0.0827
LINCSCP_36055	NA	3157	HMGCS1	0.485	0.0827
LINCSCP_36055	NA	7105	TSPAN6	3.8783	0.0828
LINCSCP_36055	NA	51031	GLOD4	0.5705	0.0829
LINCSCP_36055	NA	50813	COPS7A	1.4461	0.0841
LINCSCP_36055	NA	3337	DNAJB1	0.643	0.0842
LINCSCP_36055	NA	3091	HIF1A	0.4925	0.0845
LINCSCP_36055	NA	840	CASP7	0.7817	0.0861
LINCSCP_36055	NA	11344	TWF2	0.9628	0.0866
LINCSCP_36055	NA	9738	CCP110	0.7935	0.0869
LINCSCP_36055	NA	9703	KIAA0100	0.7943	0.0871
LINCSCP_36055	NA	11319	ECD	0.81	0.0882
LINCSCP_36055	NA	891	CCNB1	-0.5928	0.0883
LINCSCP_36055	NA	9375	TM9SF2	0.8854	0.0887
LINCSCP_36055	NA	4836	NMT1	-0.906	0.0889
LINCSCP_36055	NA	23300	ATMIN	0.7345	0.0891
LINCSCP_36055	NA	8821	INPP4B	1.1042	0.0895
LINCSCP_36055	NA	9053	MAP7	1.8826	0.0903
LINCSCP_36055	NA	899	CCNF	0.5333	0.0905
LINCSCP_36055	NA	47	ACLY	0.5029	0.0907
LINCSCP_36055	NA	6990	DYNLT3	0.5746	0.0914
LINCSCP_36055	NA	85377	MICALL1	0.7874	0.0931
LINCSCP_36055	NA	55324	ABCF3	0.5973	0.0932
LINCSCP_36055	NA	664	BNIP3	0.684	0.0933
LINCSCP_36055	NA	2288	FKBP4	-1.8834	0.0933
LINCSCP_36055	NA	3480	IGF1R	1.3235	0.0948
LINCSCP_36055	NA	5467	PPARD	-0.4635	0.0953
LINCSCP_36055	NA	10451	VAV3	0.4335	0.0959
LINCSCP_36055	NA	3978	LIG1	0.7121	0.0961
LINCSCP_36055	NA	11065	UBE2C	0.4386	0.0968
LINCSCP_36055	NA	2770	GNAI1	-0.8018	0.0977
LINCSCP_36055	NA	5257	PHKB	0.4843	0.0978
LINCSCP_36055	NA	9212	AURKB	-0.7337	0.0978
LINCSCP_36055	NA	7048	TGFBR2	0.6243	0.0983
LINCSCP_36055	NA	6118	RPA2	-0.4454	0.0991
LINCSCP_36055	NA	22889	KIAA0907	0.4658	0.1017
LINCSCP_36055	NA	9917	FAM20B	-0.5727	0.102
LINCSCP_36055	NA	5607	MAP2K5	-0.4609	0.1021
LINCSCP_36055	NA	6194	RPS6	0.6871	0.1022
LINCSCP_36055	NA	6275	S100A4	-0.881	0.1025
LINCSCP_36055	NA	25839	COG4	0.4615	0.1032
LINCSCP_36055	NA	4860	PNP	0.4775	0.1041
LINCSCP_36055	NA	50810	HDGFRP3	4.4312	0.1043
LINCSCP_36055	NA	23013	SPEN	0.516	0.1044
LINCSCP_36055	NA	10810	WASF3	1.3494	0.105
LINCSCP_36055	NA	116832	RPL39L	0.535	0.1053
LINCSCP_36055	NA	23325	KIAA1033	-0.5296	0.1053
LINCSCP_36055	NA	23142	DCUN1D4	-0.9829	0.1053
LINCSCP_36055	NA	329	BIRC2	0.6958	0.106
LINCSCP_36055	NA	23131	GPATCH8	2.9287	0.1069
LINCSCP_36055	NA	53343	NUDT9	2.394	0.1069
LINCSCP_36055	NA	5696	PSMB8	-0.9533	0.1079
LINCSCP_36055	NA	7296	TXNRD1	0.815	0.1081
LINCSCP_36055	NA	5909	RAP1GAP	0.5749	0.1091
LINCSCP_36055	NA	11014	KDELR2	0.5402	0.1091
LINCSCP_36055	NA	8324	FZD7	4.3445	0.1094
LINCSCP_36055	NA	11200	CHEK2	0.7397	0.1097
LINCSCP_36055	NA	9854	C2CD2L	0.6265	0.11
LINCSCP_36055	NA	8826	IQGAP1	-0.4098	0.1107
LINCSCP_36055	NA	5289	PIK3C3	-0.4935	0.1108
LINCSCP_36055	NA	4891	SLC11A2	0.564	0.113
LINCSCP_36055	NA	2625	GATA3	0.5239	0.1133
LINCSCP_36055	NA	4792	NFKBIA	0.8048	0.1143
LINCSCP_36055	NA	2673	GFPT1	0.407	0.1145
LINCSCP_36055	NA	9533	POLR1C	-0.5029	0.1151
LINCSCP_36055	NA	7866	IFRD2	-4.3313	0.1152
LINCSCP_36055	NA	5627	PROS1	0.7102	0.1159
LINCSCP_36055	NA	60528	ELAC2	0.4576	0.1176
LINCSCP_36055	NA	57147	SCYL3	0.4101	0.1184
LINCSCP_36055	NA	9801	MRPL19	0.6059	0.1187
LINCSCP_36055	NA	2037	EPB41L2	0.5764	0.1198
LINCSCP_36055	NA	8270	LAGE3	0.7046	0.1204
LINCSCP_36055	NA	8731	RNMT	0.4285	0.1225
LINCSCP_36055	NA	3611	ILK	0.7605	0.1229
LINCSCP_36055	NA	1123	CHN1	-1.126	0.1251
LINCSCP_36055	NA	55604	LRRC16A	1.2	0.1257
LINCSCP_36055	NA	5580	PRKCD	0.6832	0.1266
LINCSCP_36055	NA	2886	GRB7	-1.2037	0.127
LINCSCP_36055	NA	6709	SPTAN1	0.8848	0.1271
LINCSCP_36055	NA	178	AGL	-0.3696	0.1271
LINCSCP_36055	NA	1786	DNMT1	-0.9099	0.1284
LINCSCP_36055	NA	3315	HSPB1	0.7429	0.1296
LINCSCP_36055	NA	79961	DENND2D	0.4939	0.1298
LINCSCP_36055	NA	6777	STAT5B	0.7737	0.1298
LINCSCP_36055	NA	10057	ABCC5	0.549	0.1299
LINCSCP_36055	NA	11007	CCDC85B	0.4461	0.1311
LINCSCP_36055	NA	1956	EGFR	0.5171	0.1321
LINCSCP_36055	NA	27244	SESN1	0.4606	0.1323
LINCSCP_36055	NA	10972	TMED10	0.7178	0.1324
LINCSCP_36055	NA	60493	FASTKD5	0.5923	0.1331
LINCSCP_36055	NA	3628	INPP1	-0.5471	0.1341
LINCSCP_36055	NA	22809	ATF5	0.5082	0.1344
LINCSCP_36055	NA	1385	CREB1	-1.0708	0.1351
LINCSCP_36055	NA	55556	ENOSF1	0.4873	0.1355
LINCSCP_36055	NA	11188	NISCH	0.4991	0.1377
LINCSCP_36055	NA	7082	TJP1	0.7877	0.1382
LINCSCP_36055	NA	4783	NFIL3	0.4704	0.139
LINCSCP_36055	NA	10765	KDM5B	0.4354	0.1392
LINCSCP_36055	NA	695	BTK	-0.5955	0.1394
LINCSCP_36055	NA	10153	CEBPZ	1.523	0.1406
LINCSCP_36055	NA	4846	NOS3	0.7796	0.1408
LINCSCP_36055	NA	23368	PPP1R13B	-0.5364	0.141
LINCSCP_36055	NA	23	ABCF1	-0.7012	0.1423
LINCSCP_36055	NA	501	ALDH7A1	-1.8791	0.1424
LINCSCP_36055	NA	622	BDH1	0.5539	0.1425
LINCSCP_36055	NA	3383	ICAM1	-0.5095	0.1425
LINCSCP_36055	NA	10489	LRRC41	-0.7474	0.1426
LINCSCP_36055	NA	64746	ACBD3	0.3669	0.1438
LINCSCP_36055	NA	8678	BECN1	-0.871	0.1439
LINCSCP_36055	NA	3202	HOXA5	-0.4546	0.144
LINCSCP_36055	NA	1870	E2F2	-0.455	0.1444
LINCSCP_36055	NA	6813	STXBP2	0.5583	0.1449
LINCSCP_36055	NA	6193	RPS5	0.5337	0.1459
LINCSCP_36055	NA	63874	ABHD4	0.4115	0.146
LINCSCP_36055	NA	5566	PRKACA	-1.4144	0.1466
LINCSCP_36055	NA	7874	USP7	0.565	0.147
LINCSCP_36055	NA	2131	EXT1	-0.9397	0.1476
LINCSCP_36055	NA	23365	ARHGEF12	-0.3811	0.1482
LINCSCP_36055	NA	79071	ELOVL6	0.3987	0.1492
LINCSCP_36055	NA	7867	MAPKAPK3	0.3607	0.1496
LINCSCP_36055	NA	1454	CSNK1E	-0.5611	0.1503
LINCSCP_36055	NA	54512	EXOSC4	0.5091	0.1504
LINCSCP_36055	NA	4850	CNOT4	0.5391	0.1505
LINCSCP_36055	NA	5880	RAC2	0.5455	0.1508
LINCSCP_36055	NA	873	CBR1	0.8675	0.1508
LINCSCP_36055	NA	5261	PHKG2	-0.6798	0.1509
LINCSCP_36055	NA	10099	TSPAN3	0.6478	0.1509
LINCSCP_36055	NA	375346	TMEM110	0.3369	0.1512
LINCSCP_36055	NA	3693	ITGB5	0.6964	0.1517
LINCSCP_36055	NA	7358	UGDH	0.62	0.1519
LINCSCP_36055	NA	983	CDK1	0.4869	0.1535
LINCSCP_36055	NA	835	CASP2	1.0187	0.1536
LINCSCP_36055	NA	3122	HLA-DRA	1.2184	0.1552
LINCSCP_36055	NA	51465	UBE2J1	-0.7671	0.1554
LINCSCP_36055	NA	9181	ARHGEF2	0.4727	0.1557
LINCSCP_36055	NA	10329	TMEM5	0.5114	0.156
LINCSCP_36055	NA	11072	DUSP14	0.7683	0.1573
LINCSCP_36055	NA	91949	COG7	-0.4848	0.1587
LINCSCP_36055	NA	4609	MYC	0.4735	0.159
LINCSCP_36055	NA	51160	VPS28	0.6644	0.1604
LINCSCP_36055	NA	51116	MRPS2	0.3602	0.161
LINCSCP_36055	NA	64422	ATG3	0.511	0.1625
LINCSCP_36055	NA	3162	HMOX1	0.5034	0.1634
LINCSCP_36055	NA	2908	NR3C1	-0.4493	0.1645
LINCSCP_36055	NA	10362	HMG20B	0.6579	0.1662
LINCSCP_36055	NA	8985	PLOD3	-1.097	0.1665
LINCSCP_36055	NA	64429	ZDHHC6	-2.1829	0.1674
LINCSCP_36055	NA	2222	FDFT1	0.7947	0.1676
LINCSCP_36055	NA	5827	PXMP2	1.2248000000000001	0.1686
LINCSCP_36055	NA	5601	MAPK9	0.3622	0.1698
LINCSCP_36055	NA	23597	ACOT9	0.3771	0.1699
LINCSCP_36055	NA	57019	CIAPIN1	0.4398	0.1708
LINCSCP_36055	NA	102	ADAM10	3.7713	0.1709
LINCSCP_36055	NA	323	APBB2	-0.4248	0.1721
LINCSCP_36055	NA	3682	ITGAE	1.4008	0.1723
LINCSCP_36055	NA	5480	PPIC	0.7102	0.1723
LINCSCP_36055	NA	57804	POLD4	0.4325	0.1726
LINCSCP_36055	NA	23670	TMEM2	0.3887	0.174
LINCSCP_36055	NA	3300	DNAJB2	0.3671	0.1746
LINCSCP_36055	NA	9267	CYTH1	0.603	0.1749
LINCSCP_36055	NA	54623	PAF1	-0.338	0.1754
LINCSCP_36055	NA	93594	TBC1D31	-0.3088	0.1757
LINCSCP_36055	NA	11325	DDX42	0.5118	0.1764
LINCSCP_36055	NA	6676	SPAG4	3.7182	0.1766
LINCSCP_36055	NA	10953	TOMM34	0.4515	0.1789
LINCSCP_36055	NA	5831	PYCR1	0.3681	0.1792
LINCSCP_36055	NA	56940	DUSP22	0.9806	0.1801
LINCSCP_36055	NA	1465	CSRP1	-2.6159	0.1801
LINCSCP_36055	NA	5777	PTPN6	0.334	0.1804
LINCSCP_36055	NA	65057	ACD	-0.4611	0.181
LINCSCP_36055	NA	56997	ADCK3	3.6841	0.1812
LINCSCP_36055	NA	54505	DHX29	0.4643	0.182
LINCSCP_36055	NA	7849	PAX8	0.3418	0.1823
LINCSCP_36055	NA	23097	CDK19	1.6183	0.1859
LINCSCP_36055	NA	22823	MTF2	0.6465	0.187
LINCSCP_36055	NA	5654	HTRA1	-0.6993	0.1886
LINCSCP_36055	NA	4780	NFE2L2	-0.375	0.1891
LINCSCP_36055	NA	51026	GOLT1B	-3.275	0.1911
LINCSCP_36055	NA	4927	NUP88	0.381	0.1923
LINCSCP_36055	NA	81533	ITFG1	-0.7117	0.1926
LINCSCP_36055	NA	30001	ERO1L	0.3957	0.1942
LINCSCP_36055	NA	5829	PXN	-0.3977	0.1943
LINCSCP_36055	NA	4088	SMAD3	-0.3289	0.1957
LINCSCP_36055	NA	11142	PKIG	0.8456	0.1961
LINCSCP_36055	NA	670	BPHL	-0.3387	0.1981
LINCSCP_36055	NA	8727	CTNNAL1	3.5519	0.2016
LINCSCP_36055	NA	23443	SLC35A3	-0.3169	0.2047
LINCSCP_36055	NA	5300	PIN1	0.467	0.2063
LINCSCP_36055	NA	6599	SMARCC1	0.9734	0.2065
LINCSCP_36055	NA	79643	CHMP6	1.7716	0.2081
LINCSCP_36055	NA	79716	NPEPL1	0.3986	0.2086
LINCSCP_36055	NA	8720	MBTPS1	0.6195	0.2096
LINCSCP_36055	NA	8050	PDHX	0.6648	0.2125
LINCSCP_36055	NA	25932	CLIC4	0.3227	0.2126
LINCSCP_36055	NA	55837	EAPP	3.4792	0.2127
LINCSCP_36055	NA	10606	PAICS	0.4084	0.2157
LINCSCP_36055	NA	79080	CCDC86	-0.282	0.2169
LINCSCP_36055	NA	26993	AKAP8L	0.3595	0.2191
LINCSCP_36055	NA	5782	PTPN12	0.5937	0.2193
LINCSCP_36055	NA	5747	PTK2	-0.3341	0.2194
LINCSCP_36055	NA	6499	SKIV2L	0.4625	0.2216
LINCSCP_36055	NA	581	BAX	0.2755	0.225
LINCSCP_36055	NA	54386	TERF2IP	0.4223	0.226
LINCSCP_36055	NA	25803	SPDEF	0.4725	0.2264
LINCSCP_36055	NA	11073	TOPBP1	-0.6694	0.23
LINCSCP_36055	NA	9552	SPAG7	-0.5728	0.2315
LINCSCP_36055	NA	1845	DUSP3	0.4549	0.2341
LINCSCP_36055	NA	5357	PLS1	0.4315	0.2342
LINCSCP_36055	NA	57048	PLSCR3	0.2747	0.2351
LINCSCP_36055	NA	7511	XPNPEP1	0.3991	0.2357
LINCSCP_36055	NA	27346	TMEM97	-0.4093	0.2363
LINCSCP_36055	NA	6804	STX1A	0.5648	0.2363
LINCSCP_36055	NA	9805	SCRN1	-0.3869	0.2389
LINCSCP_36055	NA	8869	ST3GAL5	-0.2997	0.2393
LINCSCP_36055	NA	3800	KIF5C	-0.3634	0.2437
LINCSCP_36055	NA	5050	PAFAH1B3	0.6568	0.2442
LINCSCP_36055	NA	22794	CASC3	0.6313	0.2457
LINCSCP_36055	NA	9709	HERPUD1	0.3176	0.2472
LINCSCP_36055	NA	5331	PLCB3	-0.7106	0.2487
LINCSCP_36055	NA	79143	MBOAT7	0.2879	0.2487
LINCSCP_36055	NA	1277	COL1A1	0.4755	0.249
LINCSCP_36055	NA	8800	PEX11A	-0.4048	0.2493
LINCSCP_36055	NA	8440	NCK2	0.598	0.2502
LINCSCP_36055	NA	51071	DERA	-0.5142	0.2512
LINCSCP_36055	NA	847	CAT	-0.3688	0.2516
LINCSCP_36055	NA	3206	HOXA10	-0.2489	0.2569
LINCSCP_36055	NA	3098	HK1	0.2863	0.2622
LINCSCP_36055	NA	6622	SNCA	0.2823	0.2647
LINCSCP_36055	NA	291	SLC25A4	-0.3588	0.2675
LINCSCP_36055	NA	10610	ST6GALNAC2	3.0073	0.2692
LINCSCP_36055	NA	6810	STX4	-0.4902	0.2704
LINCSCP_36055	NA	2958	GTF2A2	0.6087	0.2712
LINCSCP_36055	NA	6696	SPP1	3.2136	0.2727
LINCSCP_36055	NA	9467	SH3BP5	0.3462	0.274
LINCSCP_36055	NA	10150	MBNL2	1.6079	0.2747
LINCSCP_36055	NA	54915	YTHDF1	0.3724	0.2747
LINCSCP_36055	NA	80758	PRR7	-1.3481	0.2749
LINCSCP_36055	NA	9641	IKBKE	3.1862	0.2751
LINCSCP_36055	NA	80746	TSEN2	0.8229	0.2774
LINCSCP_36055	NA	226	ALDOA	-0.661	0.2802
LINCSCP_36055	NA	2109	ETFB	0.5111	0.2817
LINCSCP_36055	NA	22934	RPIA	0.327	0.2828
LINCSCP_36055	NA	8518	IKBKAP	0.3342	0.283
LINCSCP_36055	NA	23223	RRP12	0.3596	0.2851
LINCSCP_36055	NA	1111	CHEK1	-0.2905	0.2853
LINCSCP_36055	NA	22926	ATF6	-0.293	0.2859
LINCSCP_36055	NA	4331	MNAT1	0.3373	0.2862
LINCSCP_36055	NA	5355	PLP2	-0.4058	0.2886
LINCSCP_36055	NA	22841	RAB11FIP2	2.4262	0.2892
LINCSCP_36055	NA	51635	DHRS7	0.3356	0.2893
LINCSCP_36055	NA	10237	SLC35B1	0.2375	0.2898
LINCSCP_36055	NA	6509	SLC1A4	3.0453	0.2904
LINCSCP_36055	NA	10270	AKAP8	0.5071	0.2913
LINCSCP_36055	NA	51382	ATP6V1D	0.5436	0.2921
LINCSCP_36055	NA	2745	GLRX	0.3173	0.2937
LINCSCP_36055	NA	10617	STAMBP	0.4794	0.296
LINCSCP_36055	NA	4616	GADD45B	0.5745	0.2969
LINCSCP_36055	NA	30849	PIK3R4	-1.0324	0.2972
LINCSCP_36055	NA	10190	TXNDC9	-3.0103	0.299
LINCSCP_36055	NA	4638	MYLK	2.995	0.2991
LINCSCP_36055	NA	4893	NRAS	0.5106	0.2991
LINCSCP_36055	NA	9637	FEZ2	-0.4252	0.3011
LINCSCP_36055	NA	5547	PRCP	-0.2728	0.3029
LINCSCP_36055	NA	51293	CD320	0.2301	0.3038
LINCSCP_36055	NA	57215	THAP11	-0.4051	0.3042
LINCSCP_36055	NA	7099	TLR4	-0.3171	0.3043
LINCSCP_36055	NA	6304	SATB1	2.9467	0.3056
LINCSCP_36055	NA	11230	PRAF2	0.2366	0.3058
LINCSCP_36055	NA	4172	MCM3	0.4965	0.3059
LINCSCP_36055	NA	9847	C2CD5	-2.8653	0.31
LINCSCP_36055	NA	51053	GMNN	-0.4158	0.3116
LINCSCP_36055	NA	29082	CHMP4A	-2.9308	0.3118
LINCSCP_36055	NA	8318	CDC45	-0.3144	0.3129
LINCSCP_36055	NA	9531	BAG3	-2.9172	0.3157
LINCSCP_36055	NA	9695	EDEM1	0.279	0.3159
LINCSCP_36055	NA	23512	SUZ12	-0.2403	0.3169
LINCSCP_36055	NA	9270	ITGB1BP1	-2.9093	0.3174
LINCSCP_36055	NA	23014	FBXO21	-0.3521	0.3185
LINCSCP_36055	NA	9128	PRPF4	-2.7241	0.3187
LINCSCP_36055	NA	6909	TBX2	-0.9625	0.3197
LINCSCP_36055	NA	7088	TLE1	-1.3771	0.3211
LINCSCP_36055	NA	5211	PFKL	2.88	0.322
LINCSCP_36055	NA	11011	TLK2	-1.997	0.3224
LINCSCP_36055	NA	6251	RSU1	-0.2239	0.3234
LINCSCP_36055	NA	10318	TNIP1	-2.8727	0.3241
LINCSCP_36055	NA	6009	RHEB	0.725	0.3254
LINCSCP_36055	NA	27336	HTATSF1	-0.329	0.3266
LINCSCP_36055	NA	596	BCL2	0.3342	0.3289
LINCSCP_36055	NA	4925	NUCB2	-0.2126	0.3307
LINCSCP_36055	NA	10813	UTP14A	-0.5165	0.3327
LINCSCP_36055	NA	55825	PECR	2.8287	0.3331
LINCSCP_36055	NA	7027	TFDP1	0.2899	0.3332
LINCSCP_36055	NA	2954	GSTZ1	0.3568	0.3335
LINCSCP_36055	NA	9903	KLHL21	2.6959	0.335
LINCSCP_36055	NA	6988	TCTA	1.5323	0.3361
LINCSCP_36055	NA	91137	SLC25A46	0.4473	0.3368
LINCSCP_36055	NA	64428	NARFL	2.5926	0.3377
LINCSCP_36055	NA	637	BID	-0.2628	0.3415
LINCSCP_36055	NA	5236	PGM1	0.4963	0.3433
LINCSCP_36055	NA	7158	TP53BP1	-0.3415	0.344
LINCSCP_36055	NA	50814	NSDHL	0.2233	0.3455
LINCSCP_36055	NA	9261	MAPKAPK2	0.3151	0.3475
LINCSCP_36055	NA	3033	HADH	-0.6977	0.3483
LINCSCP_36055	NA	23635	SSBP2	-0.3347	0.3509
LINCSCP_36055	NA	8574	AKR7A2	0.2992	0.3512
LINCSCP_36055	NA	2042	EPHA3	0.7925	0.3517
LINCSCP_36055	NA	10892	MALT1	0.4356	0.3533
LINCSCP_36055	NA	55008	HERC6	2.7338	0.3545
LINCSCP_36055	NA	8520	HAT1	-2.1659	0.3588
LINCSCP_36055	NA	2064	ERBB2	-0.674	0.3609
LINCSCP_36055	NA	3303	HSPA1A	-1.1227	0.3647
LINCSCP_36055	NA	6500	SKP1	0.2984	0.3666
LINCSCP_36055	NA	55958	KLHL9	-0.2761	0.3673
LINCSCP_36055	NA	5997	RGS2	2.4478	0.3724
LINCSCP_36055	NA	1759	DNM1	-0.4064	0.3754
LINCSCP_36055	NA	80349	WDR61	0.6546	0.3769
LINCSCP_36055	NA	5359	PLSCR1	0.502	0.378
LINCSCP_36055	NA	57149	LYRM1	-0.228	0.3781
LINCSCP_36055	NA	1958	EGR1	0.7123	0.3783
LINCSCP_36055	NA	5985	RFC5	-2.6198	0.3793
LINCSCP_36055	NA	1070	CETN3	-0.2848	0.3806
LINCSCP_36055	NA	22796	COG2	0.1923	0.3813
LINCSCP_36055	NA	30836	DNTTIP2	0.2503	0.3821
LINCSCP_36055	NA	3486	IGFBP3	-0.4317	0.3842
LINCSCP_36055	NA	5438	POLR2I	-2.5881	0.3866
LINCSCP_36055	NA	2063	NR2F6	-0.2759	0.3868
LINCSCP_36055	NA	25874	MPC2	0.4597	0.3932
LINCSCP_36055	NA	890	CCNA2	0.4296	0.397
LINCSCP_36055	NA	6790	AURKA	0.1814	0.399
LINCSCP_36055	NA	991	CDC20	0.2529	0.4042
LINCSCP_36055	NA	8726	EED	0.4214	0.4048
LINCSCP_36055	NA	25	ABL1	0.2518	0.4062
LINCSCP_36055	NA	5927	KDM5A	0.1771	0.4068
LINCSCP_36055	NA	10668	CGRRF1	0.4875	0.4099
LINCSCP_36055	NA	8243	SMC1A	-0.6589	0.4102
LINCSCP_36055	NA	9813	EFCAB14	-0.3395	0.4128
LINCSCP_36055	NA	1738	DLD	-2.4591	0.4131
LINCSCP_36055	NA	30	ACAA1	0.1845	0.4132
LINCSCP_36055	NA	9183	ZW10	1.363	0.4134
LINCSCP_36055	NA	4793	NFKBIB	-0.3364	0.4143
LINCSCP_36055	NA	57178	ZMIZ1	0.4844	0.4153
LINCSCP_36055	NA	51495	HACD3	0.2897	0.4175
LINCSCP_36055	NA	79902	NUP85	-2.4361	0.4194
LINCSCP_36055	NA	10038	PARP2	-1.4422	0.4198
LINCSCP_36055	NA	8550	MAPKAPK5	-0.3372	0.4198
LINCSCP_36055	NA	9688	NUP93	0.2395	0.4238
LINCSCP_36055	NA	2852	GPER1	-0.2392	0.4281
LINCSCP_36055	NA	23212	RRS1	0.1824	0.4293
LINCSCP_36055	NA	55179	FAIM	-0.2928	0.4302
LINCSCP_36055	NA	29937	NENF	-0.232	0.4333
LINCSCP_36055	NA	10670	RRAGA	0.316	0.4353
LINCSCP_36055	NA	5468	PPARG	0.3361	0.4367
LINCSCP_36055	NA	51282	SCAND1	0.1896	0.4369
LINCSCP_36055	NA	10131	TRAP1	0.1826	0.4413
LINCSCP_36055	NA	10273	STUB1	0.2118	0.4419
LINCSCP_36055	NA	58478	ENOPH1	0.3036	0.4494
LINCSCP_36055	NA	1514	CTSL	0.1744	0.4509
LINCSCP_36055	NA	23210	JMJD6	0.263	0.4512
LINCSCP_36055	NA	79090	TRAPPC6A	-0.2997	0.4519
LINCSCP_36055	NA	5770	PTPN1	-0.1684	0.4523
LINCSCP_36055	NA	8607	RUVBL1	-0.1911	0.4524
LINCSCP_36055	NA	5899	RALB	0.1912	0.4546
LINCSCP_36055	NA	10732	TCFL5	-1.3079	0.4564
LINCSCP_36055	NA	200081	TXLNA	0.3098	0.4627
LINCSCP_36055	NA	23386	NUDCD3	-0.1609	0.4628
LINCSCP_36055	NA	54807	ZNF586	1.9269	0.4673
LINCSCP_36055	NA	2184	FAH	-0.1923	0.4686
LINCSCP_36055	NA	54733	SLC35F2	-0.8805	0.4711
LINCSCP_36055	NA	874	CBR3	0.3092	0.4716
LINCSCP_36055	NA	3251	HPRT1	-0.3244	0.4717
LINCSCP_36055	NA	51422	PRKAG2	0.4013	0.4726
LINCSCP_36055	NA	55038	CDCA4	0.2414	0.476
LINCSCP_36055	NA	6774	STAT3	0.3357	0.4767
LINCSCP_36055	NA	24149	ZNF318	-0.1561	0.4773
LINCSCP_36055	NA	7165	TPD52L2	0.164	0.4789
LINCSCP_36055	NA	55746	NUP133	-0.3334	0.484
LINCSCP_36055	NA	23061	TBC1D9B	0.2826	0.4841
LINCSCP_36055	NA	10013	HDAC6	0.3505	0.4842
LINCSCP_36055	NA	22905	EPN2	1.0519	0.4852
LINCSCP_36055	NA	2920	CXCL2	0.1938	0.4853
LINCSCP_36055	NA	256364	EML3	0.3149	0.4855
LINCSCP_36055	NA	5921	RASA1	-0.1653	0.4884
LINCSCP_36055	NA	10007	GNPDA1	0.1575	0.4913
LINCSCP_36055	NA	10434	LYPLA1	0.2377	0.4922
LINCSCP_36055	NA	10285	SMNDC1	0.2042	0.4934
LINCSCP_36055	NA	9817	KEAP1	-0.1719	0.4936
LINCSCP_36055	NA	5889	RAD51C	-0.8686	0.4949
LINCSCP_36055	NA	813	CALU	-0.3648	0.4955
LINCSCP_36055	NA	5096	PCCB	-1.1304	0.4967
LINCSCP_36055	NA	28969	BZW2	0.1401	0.5005
LINCSCP_36055	NA	10276	NET1	0.1791	0.5018
LINCSCP_36055	NA	11151	CORO1A	-0.1438	0.5035
LINCSCP_36055	NA	2778	GNAS	0.1415	0.5094
LINCSCP_36055	NA	54541	DDIT4	0.1558	0.514
LINCSCP_36055	NA	23038	WDTC1	0.1423	0.5148
LINCSCP_36055	NA	79600	TCTN1	-0.1694	0.5149
LINCSCP_36055	NA	5836	PYGL	0.3373	0.5163
LINCSCP_36055	NA	2810	SFN	0.3519	0.5169
LINCSCP_36055	NA	9289	ADGRG1	0.2355	0.5185
LINCSCP_36055	NA	29916	SNX11	-0.1683	0.5226
LINCSCP_36055	NA	5440	POLR2K	0.2373	0.5286
LINCSCP_36055	NA	25987	TSKU	-0.1856	0.53
LINCSCP_36055	NA	79006	METRN	0.3911	0.5311
LINCSCP_36055	NA	7494	XBP1	0.1413	0.5316
LINCSCP_36055	NA	5641	LGMN	0.1869	0.5327
LINCSCP_36055	NA	2534	FYN	0.3441	0.5354
LINCSCP_36055	NA	1017	CDK2	-0.1288	0.5409
LINCSCP_36055	NA	23139	MAST2	0.1968	0.5449
LINCSCP_36055	NA	8837	CFLAR	-0.2168	0.5457
LINCSCP_36055	NA	7994	KAT6A	0.2298	0.5462
LINCSCP_36055	NA	896	CCND3	0.1464	0.548
LINCSCP_36055	NA	10180	RBM6	-0.1692	0.5497
LINCSCP_36055	NA	9448	MAP4K4	0.3025	0.5515
LINCSCP_36055	NA	93487	MAPK1IP1L	0.1631	0.5535
LINCSCP_36055	NA	3312	HSPA8	0.128	0.5545
LINCSCP_36055	NA	11284	PNKP	0.2129	0.5581
LINCSCP_36055	NA	23335	WDR7	0.6742	0.5591
LINCSCP_36055	NA	9761	MLEC	0.1312	0.5617
LINCSCP_36055	NA	8202	NCOA3	0.1745	0.5626
LINCSCP_36055	NA	29083	GTPBP8	-0.6937	0.563
LINCSCP_36055	NA	10058	ABCB6	-0.1383	0.5637
LINCSCP_36055	NA	94239	H2AFV	-0.3219	0.5674
LINCSCP_36055	NA	63933	MCUR1	0.1594	0.5694
LINCSCP_36055	NA	10320	IKZF1	-0.1724	0.5743
LINCSCP_36055	NA	27032	ATP2C1	-0.1697	0.5747
LINCSCP_36055	NA	25825	BACE2	0.2284	0.5747
LINCSCP_36055	NA	8884	SLC5A6	-0.7347	0.5755
LINCSCP_36055	NA	26054	SENP6	0.1259	0.576
LINCSCP_36055	NA	2048	EPHB2	0.2924	0.5772
LINCSCP_36055	NA	7106	TSPAN4	0.3126	0.5792
LINCSCP_36055	NA	58472	SQRDL	0.1314	0.5854
LINCSCP_36055	NA	355	FAS	0.1909	0.5863
LINCSCP_36055	NA	9134	CCNE2	-0.1185	0.5871
LINCSCP_36055	NA	868	CBLB	0.4991	0.5873
LINCSCP_36055	NA	4067	LYN	0.255	0.5888
LINCSCP_36055	NA	1062	CENPE	-0.1478	0.5912
LINCSCP_36055	NA	10513	APPBP2	0.1769	0.5924
LINCSCP_36055	NA	55011	PIH1D1	-0.1198	0.5959
LINCSCP_36055	NA	5982	RFC2	-0.8704	0.5983
LINCSCP_36055	NA	10652	YKT6	0.1052	0.6019
LINCSCP_36055	NA	23149	FCHO1	0.1041	0.6154
LINCSCP_36055	NA	6714	SRC	0.2026	0.6235
LINCSCP_36055	NA	4605	MYBL2	0.2242	0.6264
LINCSCP_36055	NA	3930	LBR	0.307	0.6289
LINCSCP_36055	NA	10046	MAMLD1	0.1681	0.639
LINCSCP_36055	NA	8974	P4HA2	0.1497	0.6394
LINCSCP_36055	NA	5423	POLB	-0.1818	0.6406
LINCSCP_36055	NA	54957	TXNL4B	0.1426	0.6416
LINCSCP_36055	NA	85236	HIST1H2BK	-0.6178	0.6418
LINCSCP_36055	NA	1633	DCK	0.2777	0.6435
LINCSCP_36055	NA	8996	NOL3	-0.0946	0.644
LINCSCP_36055	NA	55620	STAP2	-0.1955	0.6515
LINCSCP_36055	NA	1616	DAXX	-0.1732	0.6528
LINCSCP_36055	NA	3638	INSIG1	0.096	0.6537
LINCSCP_36055	NA	3482	IGF2R	-0.0942	0.6556
LINCSCP_36055	NA	4651	MYO10	-0.2827	0.6563
LINCSCP_36055	NA	23522	KAT6B	-0.1339	0.6573
LINCSCP_36055	NA	54442	KCTD5	0.109	0.6575
LINCSCP_36055	NA	6119	RPA3	-0.1776	0.6583
LINCSCP_36055	NA	8900	CCNA1	-0.296	0.6599
LINCSCP_36055	NA	5019	OXCT1	-0.1658	0.6632
LINCSCP_36055	NA	5603	MAPK13	-0.2248	0.6643
LINCSCP_36055	NA	8061	FOSL1	0.1431	0.6649
LINCSCP_36055	NA	51203	NUSAP1	-0.0845	0.6725
LINCSCP_36055	NA	26128	KIF1BP	-0.2286	0.6762
LINCSCP_36055	NA	3108	HLA-DMA	-0.3411	0.6803
LINCSCP_36055	NA	9170	LPAR2	0.1066	0.6806
LINCSCP_36055	NA	128	ADH5	0.1997	0.6855
LINCSCP_36055	NA	1019	CDK4	0.1883	0.6856
LINCSCP_36055	NA	9016	SLC25A14	0.1859	0.6889
LINCSCP_36055	NA	5710	PSMD4	-0.1623	0.703
LINCSCP_36055	NA	51015	ISOC1	-0.0798	0.7095
LINCSCP_36055	NA	7168	TPM1	0.0882	0.713
LINCSCP_36055	NA	4282	MIF	0.2345	0.7132
LINCSCP_36055	NA	54205	CYCS	-0.2876	0.7167
LINCSCP_36055	NA	5743	PTGS2	-0.2015	0.717
LINCSCP_36055	NA	1861	TOR1A	-0.1313	0.7172
LINCSCP_36055	NA	51719	CAB39	0.2052	0.7177
LINCSCP_36055	NA	23499	MACF1	0.15	0.723
LINCSCP_36055	NA	10962	MLLT11	0.1039	0.7243
LINCSCP_36055	NA	55111	PLEKHJ1	0.1817	0.7247
LINCSCP_36055	NA	25793	FBXO7	0.1629	0.7309
LINCSCP_36055	NA	10904	BLCAP	0.0794	0.7319
LINCSCP_36055	NA	9124	PDLIM1	0.1726	0.7325
LINCSCP_36055	NA	10797	MTHFD2	0.1077	0.7387
LINCSCP_36055	NA	10059	DNM1L	0.1292	0.7522
LINCSCP_36055	NA	10898	CPSF4	0.1956	0.753
LINCSCP_36055	NA	4144	MAT2A	-0.0963	0.7531
LINCSCP_36055	NA	51001	MTERF3	-0.0669	0.7561
LINCSCP_36055	NA	55793	FAM63A	0.1186	0.7581
LINCSCP_36055	NA	65123	INTS3	-0.079	0.7622
LINCSCP_36055	NA	7690	ZNF131	0.0605	0.7625
LINCSCP_36055	NA	5891	MOK	-0.3017	0.7629
LINCSCP_36055	NA	4208	MEF2C	0.074	0.7633
LINCSCP_36055	NA	10245	TIMM17B	-0.0773	0.7653
LINCSCP_36055	NA	55148	UBR7	-0.1571	0.7739
LINCSCP_36055	NA	1212	CLTB	-0.0767	0.7816
LINCSCP_36055	NA	10695	CNPY3	0.2577	0.7911
LINCSCP_36055	NA	9112	MTA1	-0.1909	0.7912
LINCSCP_36055	NA	2896	GRN	-0.2181	0.7932
LINCSCP_36055	NA	5255	PHKA1	-0.108	0.7952
LINCSCP_36055	NA	10921	RNPS1	0.202	0.7982
LINCSCP_36055	NA	1891	ECH1	0.0662	0.7983
LINCSCP_36055	NA	1831	TSC22D3	0.0921	0.8002
LINCSCP_36055	NA	2115	ETV1	-0.0602	0.8039
LINCSCP_36055	NA	1846	DUSP4	0.0834	0.8055
LINCSCP_36055	NA	9697	TRAM2	0.0572	0.8114
LINCSCP_36055	NA	6184	RPN1	0.113	0.8166
LINCSCP_36055	NA	2264	FGFR4	0.0872	0.8185
LINCSCP_36055	NA	843	CASP10	0.2523	0.8194
LINCSCP_36055	NA	10776	ARPP19	-0.1934	0.8223
LINCSCP_36055	NA	8553	BHLHE40	0.0849	0.8274
LINCSCP_36055	NA	10494	STK25	0.1256	0.8282
LINCSCP_36055	NA	5900	RALGDS	0.059	0.8338
LINCSCP_36055	NA	4864	NPC1	0.0593	0.8412
LINCSCP_36055	NA	11157	LSM6	0.0646	0.8423
LINCSCP_36055	NA	5588	PRKCQ	0.1991	0.8435
LINCSCP_36055	NA	6894	TARBP1	-0.1393	0.8436
LINCSCP_36055	NA	1052	CEBPD	0.1987	0.8442
LINCSCP_36055	NA	6390	SDHB	0.1162	0.8456
LINCSCP_36055	NA	26001	RNF167	-0.0592	0.8533
LINCSCP_36055	NA	10165	SLC25A13	0.0967	0.8564
LINCSCP_36055	NA	26511	CHIC2	-0.0376	0.8587
LINCSCP_36055	NA	8835	SOCS2	-0.2079	0.8593
LINCSCP_36055	NA	124583	CANT1	-0.0557	0.8608
LINCSCP_36055	NA	4482	MSRA	-0.0538	0.862
LINCSCP_36055	NA	64943	NT5DC2	0.1539	0.8637
LINCSCP_36055	NA	9488	PIGB	0.0593	0.864
LINCSCP_36055	NA	81544	GDPD5	-0.122	0.88
LINCSCP_36055	NA	51599	LSR	0.0761	0.8904
LINCSCP_36055	NA	5058	PAK1	-0.0788	0.8919
LINCSCP_36055	NA	3280	HES1	0.0448	0.8929
LINCSCP_36055	NA	9455	HOMER2	0.0902	0.8945
LINCSCP_36055	NA	6284	S100A13	-0.0496	0.898
LINCSCP_36055	NA	10450	PPIE	0.0761	0.8993
LINCSCP_36055	NA	10644	IGF2BP2	0.0486	0.9033
LINCSCP_36055	NA	8503	PIK3R3	0.0299	0.9046
LINCSCP_36055	NA	5898	RALA	-0.0387	0.9097
LINCSCP_36055	NA	8878	SQSTM1	0.0297	0.9099
LINCSCP_36055	NA	57192	MCOLN1	0.0457	0.9113
LINCSCP_36055	NA	4791	NFKB2	0.0406	0.9122
LINCSCP_36055	NA	7466	WFS1	0.0528	0.9125
LINCSCP_36055	NA	2961	GTF2E2	0.0404	0.9148
LINCSCP_36055	NA	1829	DSG2	-0.0466	0.9174
LINCSCP_36055	NA	4303	FOXO4	0.0451	0.9188
LINCSCP_36055	NA	154	ADRB2	0.0197	0.9205
LINCSCP_36055	NA	3597	IL13RA1	-0.0655	0.926
LINCSCP_36055	NA	79921	TCEAL4	0.0271	0.9264
LINCSCP_36055	NA	10227	MFSD10	-0.0319	0.9267
LINCSCP_36055	NA	5716	PSMD10	0.0251	0.9293
LINCSCP_36055	NA	5525	PPP2R5A	0.0242	0.9335
LINCSCP_36055	NA	29928	TIMM22	-0.0284	0.9342
LINCSCP_36055	NA	5971	RELB	-0.031	0.9415
LINCSCP_36055	NA	148022	TICAM1	-0.038	0.9418
LINCSCP_36055	NA	5223	PGAM1	-0.0317	0.9443
LINCSCP_36055	NA	7376	NR1H2	0.0386	0.9454
LINCSCP_36055	NA	16	AARS	-0.0217	0.949
LINCSCP_36055	NA	780	DDR1	0.0098	0.9619
LINCSCP_36055	NA	10525	HYOU1	0.0282	0.9627
LINCSCP_36055	NA	665	BNIP3L	-0.0112	0.9635
LINCSCP_36055	NA	8851	CDK5R1	-0.0167	0.9654
LINCSCP_36055	NA	50865	HEBP1	-0.0157	0.9729
LINCSCP_36055	NA	5699	PSMB10	0.0126	0.9744
LINCSCP_36055	NA	9868	TOMM70A	-0.0128	0.9764
LINCSCP_36055	NA	1534	CYB561	0.0132	0.9832
LINCSCP_36055	NA	51170	HSD17B11	0.0054	0.9842
LINCSCP_36055	NA	23588	KLHDC2	-0.0043	0.9865
LINCSCP_36055	NA	2195	FAT1	-0.0031	0.988
LINCSCP_36055	NA	3775	KCNK1	-0.0034	0.9929
LINCSCP_36055	NA	2597	GAPDH	-3e-4	0.999
LINCSCP_36055	NA	5111	PCNA	0	1
