signatureID	PROBE	ID_geneid	Name_GeneSymbol	Value_LogDiffExp	Significance_pvalue
LINCSCP_91537	NA	64422	ATG3	1.9784	0.0014
LINCSCP_91537	NA	6050	RNH1	-1.9461	0.0016
LINCSCP_91537	NA	9915	ARNT2	-2.1253	0.0018
LINCSCP_91537	NA	5796	PTPRK	-1.7686	0.0021
LINCSCP_91537	NA	7852	CXCR4	-1.7217	0.0024
LINCSCP_91537	NA	6603	SMARCD2	-1.8133	0.0026
LINCSCP_91537	NA	6622	SNCA	-1.7659	0.0028
LINCSCP_91537	NA	79850	FAM57A	1.6594	0.003
LINCSCP_91537	NA	23039	XPO7	1.886	0.0032
LINCSCP_91537	NA	9517	SPTLC2	1.6773	0.0034
LINCSCP_91537	NA	64428	NARFL	-1.839	0.0035
LINCSCP_91537	NA	178	AGL	-1.7405	0.0036
LINCSCP_91537	NA	5566	PRKACA	1.7479	0.0036
LINCSCP_91537	NA	9703	KIAA0100	2.3678	0.0038
LINCSCP_91537	NA	9448	MAP4K4	1.6676	0.0038
LINCSCP_91537	NA	1643	DDB2	1.5369	0.0038
LINCSCP_91537	NA	11232	POLG2	-1.7652	0.0039
LINCSCP_91537	NA	5108	PCM1	1.5095	0.0042
LINCSCP_91537	NA	79174	CRELD2	-1.5589	0.0043
LINCSCP_91537	NA	2288	FKBP4	-1.848	0.0044
LINCSCP_91537	NA	831	CAST	-1.6369	0.0044
LINCSCP_91537	NA	701	BUB1B	-1.871	0.0044
LINCSCP_91537	NA	8835	SOCS2	-1.5388	0.0044
LINCSCP_91537	NA	8444	DYRK3	-1.5281	0.0045
LINCSCP_91537	NA	4605	MYBL2	1.7341	0.0045
LINCSCP_91537	NA	1647	GADD45A	-1.8307	0.0047
LINCSCP_91537	NA	4931	NVL	-1.7838	0.0052
LINCSCP_91537	NA	226	ALDOA	2.1585	0.0054
LINCSCP_91537	NA	6253	RTN2	-1.8073	0.0054
LINCSCP_91537	NA	10969	EBNA1BP2	1.4461	0.0054
LINCSCP_91537	NA	29978	UBQLN2	-1.7828	0.0056
LINCSCP_91537	NA	1282	COL4A1	1.5417	0.0057
LINCSCP_91537	NA	55893	ZNF395	-1.6529	0.0059
LINCSCP_91537	NA	10973	ASCC3	1.6441	0.0059
LINCSCP_91537	NA	388650	FAM69A	-1.4273	0.0059
LINCSCP_91537	NA	9842	PLEKHM1	-1.4595	0.0061
LINCSCP_91537	NA	1500	CTNND1	-1.4256	0.0061
LINCSCP_91537	NA	23335	WDR7	-1.482	0.0062
LINCSCP_91537	NA	1213	CLTC	1.434	0.0063
LINCSCP_91537	NA	90861	HN1L	1.4057	0.0064
LINCSCP_91537	NA	4817	NIT1	-1.623	0.0065
LINCSCP_91537	NA	11230	PRAF2	1.3806	0.0065
LINCSCP_91537	NA	2852	GPER1	-1.604	0.0065
LINCSCP_91537	NA	10099	TSPAN3	1.3877	0.0068
LINCSCP_91537	NA	10451	VAV3	-1.605	0.007
LINCSCP_91537	NA	29103	DNAJC15	-1.495	0.0071
LINCSCP_91537	NA	9670	IPO13	-1.4033	0.0072
LINCSCP_91537	NA	84159	ARID5B	-1.4996	0.0074
LINCSCP_91537	NA	142	PARP1	1.3344	0.0076
LINCSCP_91537	NA	1398	CRK	1.3638	0.0076
LINCSCP_91537	NA	9688	NUP93	1.7196	0.008
LINCSCP_91537	NA	1786	DNMT1	-1.8936	0.0081
LINCSCP_91537	NA	670	BPHL	-1.511	0.0084
LINCSCP_91537	NA	7376	NR1H2	-1.3256	0.0085
LINCSCP_91537	NA	23	ABCF1	-1.3802	0.0087
LINCSCP_91537	NA	5654	HTRA1	-1.3329	0.0087
LINCSCP_91537	NA	9805	SCRN1	1.2712	0.0088
LINCSCP_91537	NA	9917	FAM20B	-1.4829	0.0088
LINCSCP_91537	NA	6461	SHB	-1.3166	0.009
LINCSCP_91537	NA	23321	TRIM2	-1.4643	0.009
LINCSCP_91537	NA	644	BLVRA	1.3806	0.0091
LINCSCP_91537	NA	10644	IGF2BP2	1.3283	0.0091
LINCSCP_91537	NA	1802	DPH2	-1.3082	0.0092
LINCSCP_91537	NA	2195	FAT1	-1.2925	0.0094
LINCSCP_91537	NA	5498	PPOX	-1.396	0.0095
LINCSCP_91537	NA	899	CCNF	1.2462	0.0095
LINCSCP_91537	NA	55825	PECR	-1.2732	0.0096
LINCSCP_91537	NA	23149	FCHO1	-1.6086	0.0098
LINCSCP_91537	NA	22827	PUF60	1.2222	0.01
LINCSCP_91537	NA	9170	LPAR2	-1.836	0.01
LINCSCP_91537	NA	7016	TESK1	-1.3919	0.0101
LINCSCP_91537	NA	23161	SNX13	-1.3904	0.0102
LINCSCP_91537	NA	2553	GABPB1	1.4053	0.0103
LINCSCP_91537	NA	200734	SPRED2	-1.4398	0.0104
LINCSCP_91537	NA	9695	EDEM1	1.3797	0.0104
LINCSCP_91537	NA	1153	CIRBP	1.2957	0.0108
LINCSCP_91537	NA	2048	EPHB2	1.7393	0.011
LINCSCP_91537	NA	8731	RNMT	1.3791	0.011
LINCSCP_91537	NA	10489	LRRC41	1.5093	0.0112
LINCSCP_91537	NA	11000	SLC27A3	-1.2818	0.0113
LINCSCP_91537	NA	26020	LRP10	2.1115	0.0113
LINCSCP_91537	NA	2058	EPRS	1.3978	0.0114
LINCSCP_91537	NA	8800	PEX11A	-1.3078	0.0115
LINCSCP_91537	NA	11044	PAPD7	-1.6748	0.0117
LINCSCP_91537	NA	23386	NUDCD3	1.2805	0.0119
LINCSCP_91537	NA	57406	ABHD6	-1.2698	0.0123
LINCSCP_91537	NA	9053	MAP7	-1.2211	0.0123
LINCSCP_91537	NA	2771	GNAI2	1.3479	0.0124
LINCSCP_91537	NA	22926	ATF6	1.2818	0.0125
LINCSCP_91537	NA	10362	HMG20B	1.3634	0.0125
LINCSCP_91537	NA	2523	FUT1	-1.6126	0.0129
LINCSCP_91537	NA	3815	KIT	-1.3691	0.0129
LINCSCP_91537	NA	5829	PXN	-1.2042	0.013
LINCSCP_91537	NA	8446	DUSP11	-1.5354	0.0135
LINCSCP_91537	NA	7027	TFDP1	1.2205	0.0138
LINCSCP_91537	NA	1070	CETN3	-1.3166	0.0141
LINCSCP_91537	NA	23636	NUP62	1.25	0.0143
LINCSCP_91537	NA	23271	CAMSAP2	-1.4865	0.0143
LINCSCP_91537	NA	10285	SMNDC1	-1.1345	0.0143
LINCSCP_91537	NA	5255	PHKA1	-1.332	0.0145
LINCSCP_91537	NA	1978	EIF4EBP1	1.4926	0.0148
LINCSCP_91537	NA	1459	CSNK2A2	-1.1955	0.0148
LINCSCP_91537	NA	8974	P4HA2	1.1568	0.015
LINCSCP_91537	NA	116832	RPL39L	1.1467	0.0155
LINCSCP_91537	NA	3551	IKBKB	-1.4517	0.0157
LINCSCP_91537	NA	5921	RASA1	1.2061	0.0158
LINCSCP_91537	NA	6839	SUV39H1	1.1209	0.0161
LINCSCP_91537	NA	64781	CERK	-1.1605	0.0163
LINCSCP_91537	NA	10559	SLC35A1	-1.434	0.0164
LINCSCP_91537	NA	2353	FOS	-1.1646	0.0164
LINCSCP_91537	NA	211	ALAS1	-1.1659	0.0166
LINCSCP_91537	NA	5770	PTPN1	-1.2842	0.0166
LINCSCP_91537	NA	994	CDC25B	1.3862	0.0169
LINCSCP_91537	NA	79073	TMEM109	1.316	0.017
LINCSCP_91537	NA	2954	GSTZ1	1.1	0.0171
LINCSCP_91537	NA	7905	REEP5	1.2574	0.0172
LINCSCP_91537	NA	5048	PAFAH1B1	-1.0829	0.0172
LINCSCP_91537	NA	1429	CRYZ	1.2447	0.0173
LINCSCP_91537	NA	10165	SLC25A13	1.0681	0.0175
LINCSCP_91537	NA	7866	IFRD2	1.2554	0.0178
LINCSCP_91537	NA	5601	MAPK9	-1.1745	0.0181
LINCSCP_91537	NA	637	BID	-1.8418	0.0182
LINCSCP_91537	NA	10123	ARL4C	-1.0616	0.0184
LINCSCP_91537	NA	10652	YKT6	1.219	0.0185
LINCSCP_91537	NA	9928	KIF14	1.0653	0.0186
LINCSCP_91537	NA	25839	COG4	1.1591	0.0187
LINCSCP_91537	NA	2131	EXT1	-1.4985	0.019
LINCSCP_91537	NA	1277	COL1A1	1.4248	0.0191
LINCSCP_91537	NA	7494	XBP1	1.0972	0.0193
LINCSCP_91537	NA	10845	CLPX	-1.1815	0.0193
LINCSCP_91537	NA	23038	WDTC1	1.3162	0.0194
LINCSCP_91537	NA	6944	VPS72	-1.071	0.0194
LINCSCP_91537	NA	85377	MICALL1	1.1953	0.0195
LINCSCP_91537	NA	5018	OXA1L	1.1439	0.0196
LINCSCP_91537	NA	10038	PARP2	1.0813	0.0198
LINCSCP_91537	NA	5236	PGM1	1.0705	0.0202
LINCSCP_91537	NA	5827	PXMP2	1.132	0.0204
LINCSCP_91537	NA	10112	KIF20A	1.2354	0.0204
LINCSCP_91537	NA	22905	EPN2	-1.1601	0.021
LINCSCP_91537	NA	960	CD44	-1.1824	0.0212
LINCSCP_91537	NA	1534	CYB561	-1.1748	0.0212
LINCSCP_91537	NA	6195	RPS6KA1	2.8227	0.0216
LINCSCP_91537	NA	2184	FAH	1.1511	0.0216
LINCSCP_91537	NA	10221	TRIB1	-1.122	0.0217
LINCSCP_91537	NA	10493	VAT1	1.0932	0.0218
LINCSCP_91537	NA	1956	EGFR	1.157	0.0218
LINCSCP_91537	NA	9650	MTFR1	-1.2308	0.022
LINCSCP_91537	NA	9221	NOLC1	1.1524	0.0223
LINCSCP_91537	NA	1635	DCTD	1.2194	0.0223
LINCSCP_91537	NA	10206	TRIM13	-1.4637	0.0224
LINCSCP_91537	NA	63933	MCUR1	1.2938	0.0224
LINCSCP_91537	NA	9897	KIAA0196	-1.1241	0.0224
LINCSCP_91537	NA	2222	FDFT1	1.2188	0.0224
LINCSCP_91537	NA	7416	VDAC1	1.0763	0.0225
LINCSCP_91537	NA	7020	TFAP2A	-1.3453	0.0226
LINCSCP_91537	NA	27242	TNFRSF21	-1.3351	0.0226
LINCSCP_91537	NA	23588	KLHDC2	-1.1478	0.0228
LINCSCP_91537	NA	6443	SGCB	1.0615	0.0229
LINCSCP_91537	NA	50813	COPS7A	-1.2168	0.0235
LINCSCP_91537	NA	30001	ERO1L	1.2041	0.0235
LINCSCP_91537	NA	5223	PGAM1	1.1313	0.0237
LINCSCP_91537	NA	5321	PLA2G4A	-1.3544	0.024
LINCSCP_91537	NA	8553	BHLHE40	1.0025	0.0242
LINCSCP_91537	NA	4582	MUC1	-1.9917	0.0244
LINCSCP_91537	NA	9212	AURKB	1.257	0.0247
LINCSCP_91537	NA	81544	GDPD5	-1.1431	0.0248
LINCSCP_91537	NA	11031	RAB31	-1.2	0.0254
LINCSCP_91537	NA	1759	DNM1	0.98740000000000006	0.0256
LINCSCP_91537	NA	9128	PRPF4	0.9564	0.0257
LINCSCP_91537	NA	665	BNIP3L	1.0079	0.0258
LINCSCP_91537	NA	56654	NPDC1	-1.1793	0.0259
LINCSCP_91537	NA	63874	ABHD4	1.2422	0.026
LINCSCP_91537	NA	55038	CDCA4	1.0777	0.0262
LINCSCP_91537	NA	10904	BLCAP	-1.1348	0.0264
LINCSCP_91537	NA	8202	NCOA3	-1.212	0.0267
LINCSCP_91537	NA	9275	BCL7B	0.9502	0.0268
LINCSCP_91537	NA	23670	TMEM2	1.2498	0.0269
LINCSCP_91537	NA	11200	CHEK2	1.0072	0.0273
LINCSCP_91537	NA	23635	SSBP2	-1.1021	0.0277
LINCSCP_91537	NA	9697	TRAM2	1.2458	0.0278
LINCSCP_91537	NA	7867	MAPKAPK3	-1.035	0.028
LINCSCP_91537	NA	2624	GATA2	-1.3914	0.0282
LINCSCP_91537	NA	3028	HSD17B10	0.9421	0.0282
LINCSCP_91537	NA	4232	MEST	-1.1987	0.0285
LINCSCP_91537	NA	5154	PDGFA	1.4393	0.0285
LINCSCP_91537	NA	5909	RAP1GAP	-1.0483	0.0289
LINCSCP_91537	NA	22841	RAB11FIP2	-0.9538	0.0295
LINCSCP_91537	NA	5427	POLE2	1.2954	0.0297
LINCSCP_91537	NA	332	BIRC5	0.9216	0.03
LINCSCP_91537	NA	1861	TOR1A	-0.9689	0.0302
LINCSCP_91537	NA	54850	FBXL12	1.3162	0.0304
LINCSCP_91537	NA	11004	KIF2C	1.0797	0.0306
LINCSCP_91537	NA	56940	DUSP22	1.3508	0.0315
LINCSCP_91537	NA	23014	FBXO21	1.2111	0.0315
LINCSCP_91537	NA	10954	PDIA5	1.5253	0.0316
LINCSCP_91537	NA	9918	NCAPD2	-1.2612	0.0317
LINCSCP_91537	NA	8440	NCK2	1.0767	0.0324
LINCSCP_91537	NA	11098	PRSS23	1.0514	0.0325
LINCSCP_91537	NA	5529	PPP2R5E	-1.212	0.0332
LINCSCP_91537	NA	9851	KIAA0753	-0.9024	0.0333
LINCSCP_91537	NA	4651	MYO10	1.0056	0.0334
LINCSCP_91537	NA	3611	ILK	1.2943	0.0337
LINCSCP_91537	NA	6390	SDHB	1.378	0.0337
LINCSCP_91537	NA	2065	ERBB3	-0.9738	0.0343
LINCSCP_91537	NA	11261	CHP1	-0.8983	0.0349
LINCSCP_91537	NA	5290	PIK3CA	-1.0685	0.035
LINCSCP_91537	NA	6342	SCP2	0.9278	0.035
LINCSCP_91537	NA	9531	BAG3	1.0001	0.0352
LINCSCP_91537	NA	1845	DUSP3	0.9316	0.0354
LINCSCP_91537	NA	622	BDH1	0.863	0.0355
LINCSCP_91537	NA	54442	KCTD5	-0.9565	0.0355
LINCSCP_91537	NA	8624	PSMG1	0.9382	0.0355
LINCSCP_91537	NA	10606	PAICS	0.9272	0.0356
LINCSCP_91537	NA	2817	GPC1	-1.2451	0.0358
LINCSCP_91537	NA	55011	PIH1D1	-1.1141	0.0359
LINCSCP_91537	NA	5050	PAFAH1B3	1.0557	0.036
LINCSCP_91537	NA	11041	B4GAT1	0.8961	0.036
LINCSCP_91537	NA	2037	EPB41L2	1.1957	0.0362
LINCSCP_91537	NA	9019	MPZL1	0.9415	0.0363
LINCSCP_91537	NA	329	BIRC2	0.8955	0.0363
LINCSCP_91537	NA	4144	MAT2A	1.1769	0.0363
LINCSCP_91537	NA	54438	GFOD1	-1.1824	0.0366
LINCSCP_91537	NA	10174	SORBS3	1.3334	0.0382
LINCSCP_91537	NA	1983	EIF5	0.8434	0.0383
LINCSCP_91537	NA	355	FAS	-0.9405	0.0388
LINCSCP_91537	NA	26036	ZNF451	-1.1473	0.039
LINCSCP_91537	NA	51375	SNX7	-0.9208	0.0393
LINCSCP_91537	NA	8720	MBTPS1	-1.3381	0.0399
LINCSCP_91537	NA	3566	IL4R	-1.0344	0.0402
LINCSCP_91537	NA	10857	PGRMC1	0.8541	0.0406
LINCSCP_91537	NA	7165	TPD52L2	1.4519	0.0407
LINCSCP_91537	NA	2896	GRN	1.1185	0.0408
LINCSCP_91537	NA	9988	DMTF1	0.9536	0.0408
LINCSCP_91537	NA	10695	CNPY3	-0.9482	0.0414
LINCSCP_91537	NA	55958	KLHL9	-1.2648	0.0426
LINCSCP_91537	NA	128	ADH5	1.0529	0.0431
LINCSCP_91537	NA	8396	PIP4K2B	1.0528	0.0434
LINCSCP_91537	NA	1514	CTSL	0.8473	0.0435
LINCSCP_91537	NA	1662	DDX10	-1.4884	0.0447
LINCSCP_91537	NA	572	BAD	-0.864	0.0451
LINCSCP_91537	NA	8914	TIMELESS	1.0332	0.0453
LINCSCP_91537	NA	25803	SPDEF	-0.8876	0.0455
LINCSCP_91537	NA	3895	KTN1	1.1501	0.0455
LINCSCP_91537	NA	26993	AKAP8L	-0.8493	0.0457
LINCSCP_91537	NA	5710	PSMD4	1.1045	0.0461
LINCSCP_91537	NA	23326	USP22	1.3141	0.0468
LINCSCP_91537	NA	6850	SYK	-0.9691	0.0468
LINCSCP_91537	NA	10557	RPP38	1.1434	0.0468
LINCSCP_91537	NA	10915	TCERG1	1.274	0.047
LINCSCP_91537	NA	23200	ATP11B	-0.805	0.0475
LINCSCP_91537	NA	23244	PDS5A	1.0003	0.0481
LINCSCP_91537	NA	11065	UBE2C	0.8291	0.0481
LINCSCP_91537	NA	9797	TATDN2	0.8176	0.0484
LINCSCP_91537	NA	7849	PAX8	1.1642	0.0487
LINCSCP_91537	NA	4792	NFKBIA	1.0829	0.0491
LINCSCP_91537	NA	392	ARHGAP1	0.8378	0.0499
LINCSCP_91537	NA	3157	HMGCS1	0.8666	0.0502
LINCSCP_91537	NA	10921	RNPS1	0.8078	0.0506
LINCSCP_91537	NA	22809	ATF5	1.0172	0.0508
LINCSCP_91537	NA	4154	MBNL1	0.9098	0.0515
LINCSCP_91537	NA	30	ACAA1	0.7884	0.0516
LINCSCP_91537	NA	891	CCNB1	0.7695	0.0519
LINCSCP_91537	NA	642	BLMH	1.3776	0.0529
LINCSCP_91537	NA	6915	TBXA2R	-1.0533	0.0538
LINCSCP_91537	NA	5347	PLK1	1.3091	0.0543
LINCSCP_91537	NA	10681	GNB5	1.0946	0.0544
LINCSCP_91537	NA	3597	IL13RA1	-0.8799	0.055
LINCSCP_91537	NA	55033	FKBP14	0.8503	0.0552
LINCSCP_91537	NA	10670	RRAGA	0.8167	0.0554
LINCSCP_91537	NA	80349	WDR61	1.1187	0.0556
LINCSCP_91537	NA	3988	LIPA	0.8956	0.0564
LINCSCP_91537	NA	66008	TRAK2	2.3702	0.0565
LINCSCP_91537	NA	958	CD40	-1.096	0.0565
LINCSCP_91537	NA	7358	UGDH	-0.8452	0.0565
LINCSCP_91537	NA	991	CDC20	0.7867	0.0573
LINCSCP_91537	NA	3416	IDE	-0.9685	0.058
LINCSCP_91537	NA	7319	UBE2A	0.7532	0.058
LINCSCP_91537	NA	5696	PSMB8	1.0135	0.058
LINCSCP_91537	NA	387	RHOA	1.1219	0.058
LINCSCP_91537	NA	29916	SNX11	0.8194	0.0581
LINCSCP_91537	NA	54386	TERF2IP	-0.8862	0.0584
LINCSCP_91537	NA	9833	MELK	1.1828	0.0586
LINCSCP_91537	NA	26064	RAI14	-0.848	0.0589
LINCSCP_91537	NA	291	SLC25A4	-0.8371	0.0591
LINCSCP_91537	NA	8900	CCNA1	0.8102	0.0592
LINCSCP_91537	NA	51160	VPS28	1.3402	0.0598
LINCSCP_91537	NA	8895	CPNE3	0.8603	0.0599
LINCSCP_91537	NA	8321	FZD1	-0.8584	0.06
LINCSCP_91537	NA	54915	YTHDF1	0.752	0.0607
LINCSCP_91537	NA	5708	PSMD2	1.0986	0.0612
LINCSCP_91537	NA	1123	CHN1	-0.7762	0.0614
LINCSCP_91537	NA	6599	SMARCC1	0.8314	0.0616
LINCSCP_91537	NA	10237	SLC35B1	0.9934	0.0618
LINCSCP_91537	NA	2886	GRB7	-0.8202	0.0622
LINCSCP_91537	NA	2017	CTTN	0.7299	0.0625
LINCSCP_91537	NA	79170	PRR15L	-1.0101	0.0627
LINCSCP_91537	NA	5927	KDM5A	0.7675	0.0642
LINCSCP_91537	NA	5997	RGS2	-0.8445	0.0651
LINCSCP_91537	NA	6500	SKP1	1.1671	0.0652
LINCSCP_91537	NA	53343	NUDT9	0.8272	0.0657
LINCSCP_91537	NA	27346	TMEM97	0.7106	0.0673
LINCSCP_91537	NA	2582	GALE	0.7956	0.0674
LINCSCP_91537	NA	5993	RFX5	0.91	0.0685
LINCSCP_91537	NA	9097	USP14	-0.8112	0.0688
LINCSCP_91537	NA	5900	RALGDS	1.0529	0.0699
LINCSCP_91537	NA	727	C5	-0.8341	0.0699
LINCSCP_91537	NA	5747	PTK2	-2.5642	0.0702
LINCSCP_91537	NA	27109	ATP5S	1.1183	0.0702
LINCSCP_91537	NA	874	CBR3	0.8978	0.0704
LINCSCP_91537	NA	2356	FPGS	0.9542	0.0705
LINCSCP_91537	NA	10682	EBP	0.9309	0.071
LINCSCP_91537	NA	5792	PTPRF	-0.851	0.0711
LINCSCP_91537	NA	24149	ZNF318	-0.7817	0.0712
LINCSCP_91537	NA	51719	CAB39	0.7169	0.0729
LINCSCP_91537	NA	3098	HK1	0.8034	0.0733
LINCSCP_91537	NA	5721	PSME2	1.0198	0.0734
LINCSCP_91537	NA	51335	NGRN	-0.7586	0.0736
LINCSCP_91537	NA	23585	TMEM50A	0.8012	0.0744
LINCSCP_91537	NA	3280	HES1	-0.8758	0.0745
LINCSCP_91537	NA	10273	STUB1	0.7137	0.0755
LINCSCP_91537	NA	2309	FOXO3	0.737	0.0755
LINCSCP_91537	NA	5925	RB1	0.7731	0.0755
LINCSCP_91537	NA	1445	CSK	0.8326	0.0759
LINCSCP_91537	NA	5782	PTPN12	0.6999	0.077
LINCSCP_91537	NA	10813	UTP14A	0.7952	0.079
LINCSCP_91537	NA	6117	RPA1	1.1024	0.079
LINCSCP_91537	NA	8569	MKNK1	0.6701	0.0792
LINCSCP_91537	NA	1399	CRKL	-1.0543	0.08
LINCSCP_91537	NA	3202	HOXA5	0.6905	0.0815
LINCSCP_91537	NA	8727	CTNNAL1	0.7379	0.0821
LINCSCP_91537	NA	5607	MAP2K5	-0.7485	0.0822
LINCSCP_91537	NA	1788	DNMT3A	-0.9633	0.084
LINCSCP_91537	NA	3486	IGFBP3	0.9579	0.0841
LINCSCP_91537	NA	55699	IARS2	0.6527	0.0847
LINCSCP_91537	NA	2887	GRB10	0.7256	0.085
LINCSCP_91537	NA	79006	METRN	-0.6455	0.0856
LINCSCP_91537	NA	57804	POLD4	1.1591	0.086
LINCSCP_91537	NA	56889	TM9SF3	0.7777	0.0861
LINCSCP_91537	NA	25825	BACE2	0.7028	0.0871
LINCSCP_91537	NA	79094	CHAC1	-4.0849	0.0881
LINCSCP_91537	NA	11151	CORO1A	-1.2258	0.0882
LINCSCP_91537	NA	9375	TM9SF2	0.666	0.0884
LINCSCP_91537	NA	55129	ANO10	0.9184	0.0885
LINCSCP_91537	NA	6659	SOX4	1.2101	0.089
LINCSCP_91537	NA	51282	SCAND1	-0.6487	0.0891
LINCSCP_91537	NA	2109	ETFB	0.7639	0.0891
LINCSCP_91537	NA	29083	GTPBP8	-1.0627	0.0894
LINCSCP_91537	NA	9943	OXSR1	0.6744	0.0895
LINCSCP_91537	NA	9112	MTA1	1.3259	0.0898
LINCSCP_91537	NA	65123	INTS3	1.1585	0.0905
LINCSCP_91537	NA	23338	JADE2	0.6902	0.0915
LINCSCP_91537	NA	8878	SQSTM1	0.6638	0.0916
LINCSCP_91537	NA	3978	LIG1	0.8247	0.0926
LINCSCP_91537	NA	25987	TSKU	1.2021	0.0927
LINCSCP_91537	NA	9016	SLC25A14	-0.7759	0.0929
LINCSCP_91537	NA	8324	FZD7	0.664	0.0935
LINCSCP_91537	NA	9813	EFCAB14	-1.1914	0.0943
LINCSCP_91537	NA	7157	TP53	0.9231	0.0943
LINCSCP_91537	NA	51021	MRPS16	0.6379	0.0945
LINCSCP_91537	NA	5603	MAPK13	-0.63	0.095
LINCSCP_91537	NA	8726	EED	0.6681	0.0952
LINCSCP_91537	NA	4043	LRPAP1	0.8753	0.0954
LINCSCP_91537	NA	5899	RALB	0.8247	0.0955
LINCSCP_91537	NA	10398	MYL9	1.1746	0.0956
LINCSCP_91537	NA	9641	IKBKE	-0.7336	0.0959
LINCSCP_91537	NA	3315	HSPB1	0.6616	0.0964
LINCSCP_91537	NA	2736	GLI2	0.6896	0.0971
LINCSCP_91537	NA	5525	PPP2R5A	0.8188	0.099
LINCSCP_91537	NA	55179	FAIM	-1.0892	0.0995
LINCSCP_91537	NA	64429	ZDHHC6	0.8687	0.0995
LINCSCP_91537	NA	4891	SLC11A2	-0.9593	0.1003
LINCSCP_91537	NA	4893	NRAS	1.0455	0.1013
LINCSCP_91537	NA	481	ATP1B1	0.7098	0.1031
LINCSCP_91537	NA	6616	SNAP25	3.9441	0.1036
LINCSCP_91537	NA	23647	ARFIP2	0.6575	0.1043
LINCSCP_91537	NA	23139	MAST2	0.6687	0.1048
LINCSCP_91537	NA	5898	RALA	-0.9705	0.1055
LINCSCP_91537	NA	6790	AURKA	0.6275	0.1063
LINCSCP_91537	NA	890	CCNA2	0.6138	0.1066
LINCSCP_91537	NA	23142	DCUN1D4	-3.3581	0.1069
LINCSCP_91537	NA	9181	ARHGEF2	0.8287	0.1074
LINCSCP_91537	NA	5438	POLR2I	0.8295	0.1075
LINCSCP_91537	NA	6990	DYNLT3	-1.65	0.10780000000000001
LINCSCP_91537	NA	10450	PPIE	0.7162	0.108
LINCSCP_91537	NA	54505	DHX29	-0.7743	0.1096
LINCSCP_91537	NA	11007	CCDC85B	-0.713	0.1101
LINCSCP_91537	NA	9801	MRPL19	0.6214	0.1112
LINCSCP_91537	NA	8518	IKBKAP	1.1157	0.1123
LINCSCP_91537	NA	5985	RFC5	0.9151	0.1129
LINCSCP_91537	NA	8573	CASK	0.6938	0.1147
LINCSCP_91537	NA	57178	ZMIZ1	0.933	0.1148
LINCSCP_91537	NA	27336	HTATSF1	-0.7135	0.1149
LINCSCP_91537	NA	998	CDC42	1.071	0.1154
LINCSCP_91537	NA	976	ADGRE5	0.6149	0.1163
LINCSCP_91537	NA	2542	SLC37A4	0.5989	0.1165
LINCSCP_91537	NA	4638	MYLK	0.7632	0.1166
LINCSCP_91537	NA	7099	TLR4	3.8315	0.1174
LINCSCP_91537	NA	54623	PAF1	-0.6722	0.1178
LINCSCP_91537	NA	8061	FOSL1	0.9161	0.1183
LINCSCP_91537	NA	51026	GOLT1B	-3.8016	0.1189
LINCSCP_91537	NA	23499	MACF1	0.9095	0.1195
LINCSCP_91537	NA	55111	PLEKHJ1	-0.6468	0.1231
LINCSCP_91537	NA	10227	MFSD10	0.8906	0.124
LINCSCP_91537	NA	6894	TARBP1	0.5579	0.1241
LINCSCP_91537	NA	8869	ST3GAL5	-0.6158	0.1244
LINCSCP_91537	NA	51056	LAP3	-0.6404	0.1245
LINCSCP_91537	NA	9276	COPB2	0.7075	0.1245
LINCSCP_91537	NA	3091	HIF1A	0.5906	0.1249
LINCSCP_91537	NA	26054	SENP6	-0.6424	0.1266
LINCSCP_91537	NA	5627	PROS1	3.7415	0.1278
LINCSCP_91537	NA	29890	RBM15B	-0.6884	0.1282
LINCSCP_91537	NA	6812	STXBP1	1.0467	0.1285
LINCSCP_91537	NA	27244	SESN1	-0.5717	0.1297
LINCSCP_91537	NA	4846	NOS3	3.7742	0.1303
LINCSCP_91537	NA	3300	DNAJB2	2.6648	0.1307
LINCSCP_91537	NA	23365	ARHGEF12	3.7387	0.131
LINCSCP_91537	NA	10972	TMED10	0.6383	0.1358
LINCSCP_91537	NA	94239	H2AFV	-0.8269	0.136
LINCSCP_91537	NA	7077	TIMP2	-0.7485	0.1361
LINCSCP_91537	NA	8503	PIK3R3	1.3119	0.1363
LINCSCP_91537	NA	780	DDR1	-0.6778	0.1364
LINCSCP_91537	NA	55556	ENOSF1	0.6151	0.1372
LINCSCP_91537	NA	5096	PCCB	0.7122	0.1378
LINCSCP_91537	NA	2115	ETV1	-0.5709	0.138
LINCSCP_91537	NA	54541	DDIT4	0.5834	0.1391
LINCSCP_91537	NA	7690	ZNF131	-0.7507	0.1395
LINCSCP_91537	NA	4783	NFIL3	0.6621	0.1397
LINCSCP_91537	NA	595	CCND1	-0.59	0.1401
LINCSCP_91537	NA	6275	S100A4	-0.5664	0.1403
LINCSCP_91537	NA	9854	C2CD2L	-0.6878	0.1412
LINCSCP_91537	NA	11137	PWP1	0.56	0.1418
LINCSCP_91537	NA	55256	ADI1	3.629	0.142
LINCSCP_91537	NA	7106	TSPAN4	0.5835	0.1433
LINCSCP_91537	NA	84890	ADO	0.7612	0.1433
LINCSCP_91537	NA	23368	PPP1R13B	-0.9877	0.1447
LINCSCP_91537	NA	2908	NR3C1	0.6438	0.1449
LINCSCP_91537	NA	1676	DFFA	1.2433	0.145
LINCSCP_91537	NA	4172	MCM3	0.6056	0.1455
LINCSCP_91537	NA	9217	VAPB	0.8283	0.1464
LINCSCP_91537	NA	965	CD58	-2.813	0.1469
LINCSCP_91537	NA	51465	UBE2J1	-0.6261	0.1474
LINCSCP_91537	NA	808	CALM3	2.4734	0.149
LINCSCP_91537	NA	9267	CYTH1	0.6075	0.1498
LINCSCP_91537	NA	23658	LSM5	0.5502	0.1509
LINCSCP_91537	NA	4998	ORC1	0.5923	0.1514
LINCSCP_91537	NA	3553	IL1B	-2.8432	0.1516
LINCSCP_91537	NA	8678	BECN1	0.6617	0.1533
LINCSCP_91537	NA	5355	PLP2	0.9518	0.1539
LINCSCP_91537	NA	23512	SUZ12	0.8376	0.1543
LINCSCP_91537	NA	5331	PLCB3	0.6878	0.1546
LINCSCP_91537	NA	581	BAX	0.5318	0.1547
LINCSCP_91537	NA	55620	STAP2	-0.6759	0.1548
LINCSCP_91537	NA	9246	UBE2L6	-0.5716	0.1557
LINCSCP_91537	NA	902	CCNH	0.726	0.1558
LINCSCP_91537	NA	57147	SCYL3	0.5078	0.156
LINCSCP_91537	NA	9533	POLR1C	-0.5383	0.156
LINCSCP_91537	NA	5788	PTPRC	-0.6782	0.1561
LINCSCP_91537	NA	9519	TBPL1	-0.8004	0.1567
LINCSCP_91537	NA	25	ABL1	0.8944	0.1584
LINCSCP_91537	NA	1019	CDK4	0.6758	0.1588
LINCSCP_91537	NA	4851	NOTCH1	-0.6921	0.159
LINCSCP_91537	NA	8050	PDHX	-3.4958	0.16
LINCSCP_91537	NA	7088	TLE1	0.7383	0.16
LINCSCP_91537	NA	4088	SMAD3	0.5845	0.1603
LINCSCP_91537	NA	6251	RSU1	0.5116	0.1611
LINCSCP_91537	NA	83743	GRWD1	0.6023	0.1619
LINCSCP_91537	NA	843	CASP10	-2.3726	0.1627
LINCSCP_91537	NA	30849	PIK3R4	0.7507	0.1633
LINCSCP_91537	NA	79143	MBOAT7	0.7945	0.1637
LINCSCP_91537	NA	54681	P4HTM	0.4979	0.1649
LINCSCP_91537	NA	10146	G3BP1	-3.468	0.1652
LINCSCP_91537	NA	3329	HSPD1	0.6413	0.1655
LINCSCP_91537	NA	23061	TBC1D9B	1.2181	0.166
LINCSCP_91537	NA	23077	MYCBP2	-0.6087	0.1662
LINCSCP_91537	NA	9686	VGLL4	3.4571	0.1671
LINCSCP_91537	NA	22887	FOXJ3	0.5751	0.1682
LINCSCP_91537	NA	2064	ERBB2	0.8824	0.1692
LINCSCP_91537	NA	10270	AKAP8	0.6377	0.1694
LINCSCP_91537	NA	7048	TGFBR2	3.3447	0.1699
LINCSCP_91537	NA	5289	PIK3C3	0.7942	0.1701
LINCSCP_91537	NA	10668	CGRRF1	0.5933	0.1706
LINCSCP_91537	NA	10329	TMEM5	0.5356	0.1714
LINCSCP_91537	NA	6793	STK10	-0.4905	0.1715
LINCSCP_91537	NA	5743	PTGS2	3.4245	0.1717
LINCSCP_91537	NA	11168	PSIP1	0.6113	0.1724
LINCSCP_91537	NA	10797	MTHFD2	0.6714	0.173
LINCSCP_91537	NA	868	CBLB	0.4991	0.1731
LINCSCP_91537	NA	4794	NFKBIE	-1.7402	0.1739
LINCSCP_91537	NA	9289	ADGRG1	0.9629	0.1746
LINCSCP_91537	NA	7874	USP7	2.1974	0.1774
LINCSCP_91537	NA	57019	CIAPIN1	0.7723	0.1778
LINCSCP_91537	NA	5880	RAC2	0.8854	0.178
LINCSCP_91537	NA	5720	PSME1	0.6067	0.1781
LINCSCP_91537	NA	10057	ABCC5	-0.4992	0.1812
LINCSCP_91537	NA	54733	SLC35F2	0.5039	0.1838
LINCSCP_91537	NA	29763	PACSIN3	-0.5209	0.1844
LINCSCP_91537	NA	5831	PYCR1	0.5999	0.1861
LINCSCP_91537	NA	6810	STX4	-0.6265	0.1864
LINCSCP_91537	NA	51070	NOSIP	0.6616	0.1873
LINCSCP_91537	NA	5092	PCBD1	0.8031	0.1883
LINCSCP_91537	NA	51001	MTERF3	-0.7666	0.1888
LINCSCP_91537	NA	3122	HLA-DRA	3.2997	0.1906
LINCSCP_91537	NA	4616	GADD45B	0.6706	0.1913
LINCSCP_91537	NA	2778	GNAS	0.5312	0.1924
LINCSCP_91537	NA	4850	CNOT4	0.7101	0.1928
LINCSCP_91537	NA	10013	HDAC6	0.91	0.1931
LINCSCP_91537	NA	6696	SPP1	3.3079	0.1934
LINCSCP_91537	NA	5287	PIK3C2B	0.7732	0.1946
LINCSCP_91537	NA	3398	ID2	0.6375	0.1956
LINCSCP_91537	NA	5982	RFC2	0.5061	0.196
LINCSCP_91537	NA	4216	MAP3K4	1.0975	0.1962
LINCSCP_91537	NA	1677	DFFB	-0.4742	0.1974
LINCSCP_91537	NA	10962	MLLT11	0.5467	0.1991
LINCSCP_91537	NA	54807	ZNF586	-0.7938	0.1991
LINCSCP_91537	NA	3800	KIF5C	-0.4617	0.2003
LINCSCP_91537	NA	823	CAPN1	-1.1154	0.201
LINCSCP_91537	NA	79187	FSD1	-0.5644	0.2034
LINCSCP_91537	NA	2263	FGFR2	-0.5026	0.2036
LINCSCP_91537	NA	81533	ITFG1	-0.8344	0.2044
LINCSCP_91537	NA	5359	PLSCR1	1.1953	0.2045
LINCSCP_91537	NA	25966	C2CD2	-0.753	0.2053
LINCSCP_91537	NA	55818	KDM3A	0.6221	0.2053
LINCSCP_91537	NA	23536	ADAT1	-0.4498	0.2054
LINCSCP_91537	NA	10494	STK25	0.5635	0.2054
LINCSCP_91537	NA	25793	FBXO7	0.7334	0.2055
LINCSCP_91537	NA	6909	TBX2	-0.724	0.2056
LINCSCP_91537	NA	91137	SLC25A46	0.4882	0.2059
LINCSCP_91537	NA	2958	GTF2A2	-0.4946	0.2062
LINCSCP_91537	NA	23210	JMJD6	0.619	0.2069
LINCSCP_91537	NA	23659	PLA2G15	0.8354	0.208
LINCSCP_91537	NA	9738	CCP110	0.4636	0.2087
LINCSCP_91537	NA	57215	THAP11	-0.4622	0.209
LINCSCP_91537	NA	7511	XPNPEP1	0.5351	0.2093
LINCSCP_91537	NA	4125	MAN2B1	0.4357	0.2099
LINCSCP_91537	NA	9143	SYNGR3	-0.559	0.2109
LINCSCP_91537	NA	10730	YME1L1	-3.0756	0.211
LINCSCP_91537	NA	1846	DUSP4	-0.482	0.2127
LINCSCP_91537	NA	7398	USP1	0.5059	0.2136
LINCSCP_91537	NA	6813	STXBP2	-0.5178	0.2138
LINCSCP_91537	NA	6709	SPTAN1	0.431	0.2146
LINCSCP_91537	NA	4200	ME2	-0.7161	0.2155
LINCSCP_91537	NA	3303	HSPA1A	0.4334	0.216
LINCSCP_91537	NA	22883	CLSTN1	0.5707	0.2178
LINCSCP_91537	NA	6464	SHC1	-0.4898	0.2182
LINCSCP_91537	NA	9926	LPGAT1	-0.487	0.2187
LINCSCP_91537	NA	51635	DHRS7	-0.4355	0.2195
LINCSCP_91537	NA	664	BNIP3	0.4347	0.2229
LINCSCP_91537	NA	9924	PAN2	-0.5962	0.2233
LINCSCP_91537	NA	11072	DUSP14	-0.5377	0.2237
LINCSCP_91537	NA	1022	CDK7	0.6546	0.2244
LINCSCP_91537	NA	10190	TXNDC9	0.5136	0.2255
LINCSCP_91537	NA	2690	GHR	3.1238	0.2256
LINCSCP_91537	NA	55837	EAPP	-0.5169	0.2257
LINCSCP_91537	NA	1465	CSRP1	0.4578	0.227
LINCSCP_91537	NA	2274	FHL2	0.5113	0.2276
LINCSCP_91537	NA	9126	SMC3	-0.5749	0.2284
LINCSCP_91537	NA	11182	SLC2A6	-1.5817	0.2291
LINCSCP_91537	NA	58472	SQRDL	-0.4263	0.23
LINCSCP_91537	NA	896	CCND3	0.5294	0.2306
LINCSCP_91537	NA	1870	E2F2	3.0869	0.2311
LINCSCP_91537	NA	23597	ACOT9	0.6112	0.2315
LINCSCP_91537	NA	310	ANXA7	0.4215	0.2329
LINCSCP_91537	NA	26136	TES	-0.4104	0.2337
LINCSCP_91537	NA	2113	ETS1	0.7695	0.2343
LINCSCP_91537	NA	1385	CREB1	-0.4357	0.2358
LINCSCP_91537	NA	9093	DNAJA3	3.0579	0.2359
LINCSCP_91537	NA	2946	GSTM2	-0.4318	0.236
LINCSCP_91537	NA	22794	CASC3	0.4416	0.238
LINCSCP_91537	NA	983	CDK1	-2.6795	0.2383
LINCSCP_91537	NA	1029	CDKN2A	0.5281	0.2386
LINCSCP_91537	NA	51031	GLOD4	1.5503	0.2418
LINCSCP_91537	NA	596	BCL2	-0.4749	0.242
LINCSCP_91537	NA	5583	PRKCH	2.9421	0.2422
LINCSCP_91537	NA	8349	HIST2H2BE	-0.4306	0.2427
LINCSCP_91537	NA	7982	ST7	0.4734	0.243
LINCSCP_91537	NA	64746	ACBD3	0.5561	0.2468
LINCSCP_91537	NA	5715	PSMD9	0.9478	0.2473
LINCSCP_91537	NA	8520	HAT1	-0.6226	0.2476
LINCSCP_91537	NA	2769	GNA15	2.9867	0.2485
LINCSCP_91537	NA	10892	MALT1	0.5563	0.2497
LINCSCP_91537	NA	4780	NFE2L2	-0.873	0.2512
LINCSCP_91537	NA	3909	LAMA3	0.9196	0.2521
LINCSCP_91537	NA	949	SCARB1	0.4071	0.2526
LINCSCP_91537	NA	11344	TWF2	0.4265	0.2541
LINCSCP_91537	NA	102	ADAM10	0.5592	0.2566
LINCSCP_91537	NA	84722	PSRC1	-0.3897	0.2581
LINCSCP_91537	NA	2597	GAPDH	-0.4303	0.259
LINCSCP_91537	NA	79961	DENND2D	-0.5647	0.2596
LINCSCP_91537	NA	8270	LAGE3	0.5554	0.2612
LINCSCP_91537	NA	11319	ECD	-0.4202	0.2623
LINCSCP_91537	NA	10818	FRS2	0.3852	0.2633
LINCSCP_91537	NA	55604	LRRC16A	-0.443	0.2655
LINCSCP_91537	NA	1111	CHEK1	0.5296	0.2655
LINCSCP_91537	NA	5366	PMAIP1	2.4245	0.2657
LINCSCP_91537	NA	200081	TXLNA	0.5525	0.266
LINCSCP_91537	NA	323	APBB2	0.6714	0.2661
LINCSCP_91537	NA	10641	NPRL2	-0.4443	0.2673
LINCSCP_91537	NA	1666	DECR1	0.4594	0.2685
LINCSCP_91537	NA	5836	PYGL	0.38	0.2695
LINCSCP_91537	NA	2625	GATA3	-0.4152	0.272
LINCSCP_91537	NA	7994	KAT6A	-0.6057	0.2744
LINCSCP_91537	NA	6657	SOX2	-0.4277	0.2747
LINCSCP_91537	NA	10180	RBM6	0.6371	0.2764
LINCSCP_91537	NA	79600	TCTN1	0.5671	0.2772
LINCSCP_91537	NA	26292	MYCBP	0.399	0.2798
LINCSCP_91537	NA	47	ACLY	0.7303	0.2809
LINCSCP_91537	NA	16	AARS	0.6571	0.2844
LINCSCP_91537	NA	27032	ATP2C1	-0.5716	0.2847
LINCSCP_91537	NA	3725	JUN	0.4967	0.2849
LINCSCP_91537	NA	28969	BZW2	2.535	0.2849
LINCSCP_91537	NA	7153	TOP2A	0.6247	0.2858
LINCSCP_91537	NA	4860	PNP	0.4581	0.2861
LINCSCP_91537	NA	9710	KIAA0355	-0.3717	0.2878
LINCSCP_91537	NA	5971	RELB	0.6225	0.2908
LINCSCP_91537	NA	51024	FIS1	-0.5222	0.291
LINCSCP_91537	NA	6908	TBP	0.5006	0.2915
LINCSCP_91537	NA	5300	PIN1	0.5157	0.2924
LINCSCP_91537	NA	3482	IGF2R	-0.4709	0.2928
LINCSCP_91537	NA	5777	PTPN6	-0.5308	0.2956
LINCSCP_91537	NA	5054	SERPINE1	0.6108	0.2975
LINCSCP_91537	NA	10775	POP4	-0.3894	0.2983
LINCSCP_91537	NA	695	BTK	0.5251	0.2992
LINCSCP_91537	NA	3693	ITGB5	0.493	0.3006
LINCSCP_91537	NA	10320	IKZF1	-0.549	0.3015
LINCSCP_91537	NA	873	CBR1	-0.5818	0.305
LINCSCP_91537	NA	23212	RRS1	-0.424	0.3067
LINCSCP_91537	NA	4313	MMP2	0.443	0.3074
LINCSCP_91537	NA	5261	PHKG2	0.3861	0.3098
LINCSCP_91537	NA	8312	AXIN1	-0.5363	0.3104
LINCSCP_91537	NA	4312	MMP1	-0.4193	0.3116
LINCSCP_91537	NA	8550	MAPKAPK5	1.8162	0.313
LINCSCP_91537	NA	4331	MNAT1	0.6757	0.3144
LINCSCP_91537	NA	7750	ZMYM2	0.4512	0.3162
LINCSCP_91537	NA	8821	INPP4B	0.6936	0.3169
LINCSCP_91537	NA	148022	TICAM1	-0.4833	0.3175
LINCSCP_91537	NA	57149	LYRM1	-0.4084	0.3176
LINCSCP_91537	NA	51170	HSD17B11	-0.3919	0.3184
LINCSCP_91537	NA	7082	TJP1	0.491	0.3186
LINCSCP_91537	NA	64943	NT5DC2	0.7055	0.3199
LINCSCP_91537	NA	55127	HEATR1	-2.5545	0.3202
LINCSCP_91537	NA	6856	SYPL1	-0.6686	0.3238
LINCSCP_91537	NA	5641	LGMN	-0.3332	0.324
LINCSCP_91537	NA	2810	SFN	0.4462	0.3253
LINCSCP_91537	NA	51569	UFM1	0.3627	0.3287
LINCSCP_91537	NA	51495	HACD3	0.4238	0.3329
LINCSCP_91537	NA	10610	ST6GALNAC2	-0.8058	0.3331
LINCSCP_91537	NA	23224	SYNE2	0.4814	0.3392
LINCSCP_91537	NA	39	ACAT2	0.3495	0.3395
LINCSCP_91537	NA	836	CASP3	-0.4174	0.3398
LINCSCP_91537	NA	3775	KCNK1	-0.3385	0.3402
LINCSCP_91537	NA	10150	MBNL2	0.4904	0.3413
LINCSCP_91537	NA	4067	LYN	-0.473	0.3426
LINCSCP_91537	NA	51293	CD320	0.4685	0.343
LINCSCP_91537	NA	2767	GNA11	-0.3981	0.3436
LINCSCP_91537	NA	4791	NFKB2	-0.4861	0.344
LINCSCP_91537	NA	26227	PHGDH	0.4908	0.3447
LINCSCP_91537	NA	93594	TBC1D31	-0.3505	0.3465
LINCSCP_91537	NA	4776	NFATC4	2.1576	0.3505
LINCSCP_91537	NA	50814	NSDHL	0.3135	0.3506
LINCSCP_91537	NA	25874	MPC2	-0.3427	0.3518
LINCSCP_91537	NA	3337	DNAJB1	0.4037	0.3529
LINCSCP_91537	NA	4208	MEF2C	-0.3364	0.3538
LINCSCP_91537	NA	51742	ARID4B	0.3261	0.3568
LINCSCP_91537	NA	1906	EDN1	-0.3157	0.3569
LINCSCP_91537	NA	54512	EXOSC4	2.4781	0.357
LINCSCP_91537	NA	3312	HSPA8	0.6263	0.3612
LINCSCP_91537	NA	1605	DAG1	0.7463	0.3619
LINCSCP_91537	NA	4303	FOXO4	0.4475	0.3636
LINCSCP_91537	NA	1052	CEBPD	-0.3266	0.3681
LINCSCP_91537	NA	6919	TCEA2	-0.4974	0.3683
LINCSCP_91537	NA	1212	CLTB	0.6665	0.3727
LINCSCP_91537	NA	7074	TIAM1	0.4331	0.3744
LINCSCP_91537	NA	9134	CCNE2	-0.3909	0.3754
LINCSCP_91537	NA	80746	TSEN2	-0.5793	0.3755
LINCSCP_91537	NA	8480	RAE1	0.3021	0.3776
LINCSCP_91537	NA	1829	DSG2	-0.3158	0.3786
LINCSCP_91537	NA	6597	SMARCA4	0.395	0.3801
LINCSCP_91537	NA	9702	CEP57	-0.4529	0.3818
LINCSCP_91537	NA	7538	ZFP36	-0.4247	0.3826
LINCSCP_91537	NA	5257	PHKB	0.4093	0.386
LINCSCP_91537	NA	5111	PCNA	0.3197	0.3866
LINCSCP_91537	NA	79921	TCEAL4	0.2946	0.3881
LINCSCP_91537	NA	1994	ELAVL1	0.4002	0.3883
LINCSCP_91537	NA	51116	MRPS2	-2.3463	0.3888
LINCSCP_91537	NA	91949	COG7	0.4971	0.3931
LINCSCP_91537	NA	79643	CHMP6	0.3653	0.397
LINCSCP_91537	NA	23076	RRP1B	0.416	0.3974
LINCSCP_91537	NA	9961	MVP	0.5259	0.3976
LINCSCP_91537	NA	51382	ATP6V1D	0.3601	0.3978
LINCSCP_91537	NA	10523	CHERP	-0.3542	0.3979
LINCSCP_91537	NA	10059	DNM1L	-0.3572	0.4029
LINCSCP_91537	NA	10589	DRAP1	0.3364	0.4034
LINCSCP_91537	NA	840	CASP7	0.5524	0.4093
LINCSCP_91537	NA	207	AKT1	-0.3158	0.4097
LINCSCP_91537	NA	25805	BAMBI	-0.3668	0.4129
LINCSCP_91537	NA	11011	TLK2	0.284	0.4142
LINCSCP_91537	NA	1027	CDKN1B	-0.2972	0.4162
LINCSCP_91537	NA	4282	MIF	-0.3557	0.4171
LINCSCP_91537	NA	23378	RRP8	0.3491	0.4179
LINCSCP_91537	NA	7158	TP53BP1	0.3486	0.4179
LINCSCP_91537	NA	5547	PRCP	0.3542	0.4235
LINCSCP_91537	NA	5613	PRKX	0.3097	0.4238
LINCSCP_91537	NA	9124	PDLIM1	0.3208	0.429
LINCSCP_91537	NA	6774	STAT3	-0.3999	0.4327
LINCSCP_91537	NA	8851	CDK5R1	-0.2861	0.4327
LINCSCP_91537	NA	10776	ARPP19	-0.4807	0.4343
LINCSCP_91537	NA	2961	GTF2E2	0.2654	0.4349
LINCSCP_91537	NA	10732	TCFL5	0.4375	0.4357
LINCSCP_91537	NA	8607	RUVBL1	-0.2879	0.4366
LINCSCP_91537	NA	3385	ICAM3	-0.3208	0.4367
LINCSCP_91537	NA	51015	ISOC1	-0.2919	0.4375
LINCSCP_91537	NA	79080	CCDC86	-0.3307	0.438
LINCSCP_91537	NA	993	CDC25A	0.385	0.4383
LINCSCP_91537	NA	9817	KEAP1	-0.4824	0.4393
LINCSCP_91537	NA	9467	SH3BP5	-0.3815	0.4414
LINCSCP_91537	NA	1981	EIF4G1	0.6325	0.4416
LINCSCP_91537	NA	55748	CNDP2	-2.1326	0.4417
LINCSCP_91537	NA	9712	USP6NL	-0.2605	0.4421
LINCSCP_91537	NA	652	BMP4	0.3204	0.4424
LINCSCP_91537	NA	56924	PAK6	-0.3394	0.4424
LINCSCP_91537	NA	4016	LOXL1	0.2649	0.443
LINCSCP_91537	NA	79902	NUP85	-0.3907	0.4449
LINCSCP_91537	NA	3383	ICAM1	0.3376	0.4455
LINCSCP_91537	NA	11188	NISCH	-0.2574	0.446
LINCSCP_91537	NA	1891	ECH1	0.2743	0.4463
LINCSCP_91537	NA	3964	LGALS8	-0.2786	0.4472
LINCSCP_91537	NA	5058	PAK1	-0.3118	0.4498
LINCSCP_91537	NA	3480	IGF1R	0.4503	0.4522
LINCSCP_91537	NA	22823	MTF2	0.5168	0.4545
LINCSCP_91537	NA	9653	HS2ST1	-0.5064	0.4556
LINCSCP_91537	NA	8884	SLC5A6	0.3263	0.4589
LINCSCP_91537	NA	64080	RBKS	-0.2554	0.4595
LINCSCP_91537	NA	2264	FGFR4	-0.2659	0.4596
LINCSCP_91537	NA	5716	PSMD10	0.2567	0.4636
LINCSCP_91537	NA	1050	CEBPA	-0.2911	0.4641
LINCSCP_91537	NA	5468	PPARG	-0.3718	0.4651
LINCSCP_91537	NA	5423	POLB	-0.2867	0.4658
LINCSCP_91537	NA	23029	RBM34	0.2395	0.4668
LINCSCP_91537	NA	10434	LYPLA1	0.3647	0.4679
LINCSCP_91537	NA	5467	PPARD	0.3123	0.4703
LINCSCP_91537	NA	30836	DNTTIP2	-0.3325	0.4718
LINCSCP_91537	NA	27095	TRAPPC3	0.2761	0.4812
LINCSCP_91537	NA	10245	TIMM17B	-0.38	0.4817
LINCSCP_91537	NA	3033	HADH	0.2528	0.4818
LINCSCP_91537	NA	351	APP	0.4559	0.4822
LINCSCP_91537	NA	9183	ZW10	-0.3377	0.4881
LINCSCP_91537	NA	1062	CENPE	0.2522	0.4901
LINCSCP_91537	NA	60528	ELAC2	-0.6495	0.49370000000000003
LINCSCP_91537	NA	50865	HEBP1	-0.2545	0.495
LINCSCP_91537	NA	2534	FYN	0.2752	0.4958
LINCSCP_91537	NA	4482	MSRA	-0.305	0.4984
LINCSCP_91537	NA	3206	HOXA10	-0.2547	0.5004
LINCSCP_91537	NA	55148	UBR7	0.2186	0.5007
LINCSCP_91537	NA	1026	CDKN1A	0.2482	0.5009
LINCSCP_91537	NA	5588	PRKCQ	-0.2269	0.5036
LINCSCP_91537	NA	6193	RPS5	-0.3321	0.5046
LINCSCP_91537	NA	256364	EML3	-0.235	0.505
LINCSCP_91537	NA	10898	CPSF4	-0.3509	0.5052
LINCSCP_91537	NA	6832	SUPV3L1	-0.64	0.506
LINCSCP_91537	NA	23131	GPATCH8	0.2306	0.5075
LINCSCP_91537	NA	3066	HDAC2	-0.2246	0.5076
LINCSCP_91537	NA	25976	TIPARP	-0.2435	0.509
LINCSCP_91537	NA	55324	ABCF3	0.3478	0.5091
LINCSCP_91537	NA	10782	ZNF274	-0.2851	0.5103
LINCSCP_91537	NA	1017	CDK2	-0.2178	0.5174
LINCSCP_91537	NA	51203	NUSAP1	-0.3751	0.5174
LINCSCP_91537	NA	7159	TP53BP2	-0.2559	0.5182
LINCSCP_91537	NA	60493	FASTKD5	0.2238	0.5191
LINCSCP_91537	NA	65057	ACD	-0.5269	0.5208
LINCSCP_91537	NA	10007	GNPDA1	0.2481	0.521
LINCSCP_91537	NA	6194	RPS6	-0.2284	0.5234
LINCSCP_91537	NA	84617	TUBB6	-0.2284	0.5234
LINCSCP_91537	NA	8574	AKR7A2	-0.2042	0.5271
LINCSCP_91537	NA	6184	RPN1	-0.3493	0.5278
LINCSCP_91537	NA	11014	KDELR2	0.2479	0.5284
LINCSCP_91537	NA	7485	WRB	-0.2416	0.5335
LINCSCP_91537	NA	9270	ITGB1BP1	0.2613	0.5358
LINCSCP_91537	NA	6182	MRPL12	0.2696	0.5368
LINCSCP_91537	NA	501	ALDH7A1	0.2883	0.5388
LINCSCP_91537	NA	56997	ADCK3	-0.2435	0.5394
LINCSCP_91537	NA	6714	SRC	-0.2477	0.5415
LINCSCP_91537	NA	89910	UBE3B	0.2721	0.5419
LINCSCP_91537	NA	23300	ATMIN	0.1974	0.5428
LINCSCP_91537	NA	147179	WIPF2	0.2908	0.543
LINCSCP_91537	NA	835	CASP2	0.2084	0.543
LINCSCP_91537	NA	9552	SPAG7	-0.264	0.546
LINCSCP_91537	NA	55847	CISD1	-0.2203	0.5488
LINCSCP_91537	NA	813	CALU	0.2373	0.5504
LINCSCP_91537	NA	8870	IER3	0.2389	0.5504
LINCSCP_91537	NA	5480	PPIC	-0.2115	0.5541
LINCSCP_91537	NA	79090	TRAPPC6A	-0.2376	0.555
LINCSCP_91537	NA	4925	NUCB2	-0.315	0.5556
LINCSCP_91537	NA	6119	RPA3	-0.8263	0.557
LINCSCP_91537	NA	23097	CDK19	-0.2421	0.5685
LINCSCP_91537	NA	11157	LSM6	-0.2348	0.5701
LINCSCP_91537	NA	54881	TEX10	-0.1909	0.5715
LINCSCP_91537	NA	5699	PSMB10	0.3116	0.5745
LINCSCP_91537	NA	2673	GFPT1	-0.2327	0.5788
LINCSCP_91537	NA	1452	CSNK1A1	0.2603	0.5794
LINCSCP_91537	NA	5873	RAB27A	0.2257	0.5827
LINCSCP_91537	NA	1633	DCK	-0.2526	0.5877
LINCSCP_91537	NA	1021	CDK6	0.4739	0.5877
LINCSCP_91537	NA	55746	NUP133	-0.3014	0.5934
LINCSCP_91537	NA	4836	NMT1	0.191	0.5935
LINCSCP_91537	NA	3682	ITGAE	-0.1744	0.5946
LINCSCP_91537	NA	29911	HOOK2	-0.1854	0.5978
LINCSCP_91537	NA	6499	SKIV2L	0.2158	0.5988
LINCSCP_91537	NA	10051	SMC4	0.2599	0.5991
LINCSCP_91537	NA	23463	ICMT	0.2079	0.6064
LINCSCP_91537	NA	10131	TRAP1	-0.2019	0.6077
LINCSCP_91537	NA	2548	GAA	0.203	0.6128
LINCSCP_91537	NA	9261	MAPKAPK2	0.2835	0.6132
LINCSCP_91537	NA	29082	CHMP4A	0.229	0.6144
LINCSCP_91537	NA	55008	HERC6	-0.2124	0.6167
LINCSCP_91537	NA	9868	TOMM70A	0.2265	0.6184
LINCSCP_91537	NA	5580	PRKCD	0.1952	0.6186
LINCSCP_91537	NA	4609	MYC	-0.2129	0.6193
LINCSCP_91537	NA	22889	KIAA0907	-0.1986	0.6195
LINCSCP_91537	NA	7466	WFS1	0.4828	0.6204
LINCSCP_91537	NA	55608	ANKRD10	-0.2447	0.6234
LINCSCP_91537	NA	6772	STAT1	-0.7975	0.6244
LINCSCP_91537	NA	8826	IQGAP1	0.157	0.6247
LINCSCP_91537	NA	10765	KDM5B	0.1796	0.6263
LINCSCP_91537	NA	4793	NFKBIB	0.1834	0.6269
LINCSCP_91537	NA	7168	TPM1	-0.1626	0.6303
LINCSCP_91537	NA	26128	KIF1BP	0.1652	0.6305
LINCSCP_91537	NA	4864	NPC1	0.2441	0.6326
LINCSCP_91537	NA	22796	COG2	-0.2285	0.6341
LINCSCP_91537	NA	8318	CDC45	0.1758	0.6357
LINCSCP_91537	NA	5889	RAD51C	-0.168	0.6377
LINCSCP_91537	NA	2956	MSH6	0.2229	0.6395
LINCSCP_91537	NA	2770	GNAI1	-0.1584	0.6454
LINCSCP_91537	NA	58478	ENOPH1	0.2015	0.6485
LINCSCP_91537	NA	3930	LBR	-0.1779	0.6498
LINCSCP_91537	NA	57192	MCOLN1	0.1476	0.6525
LINCSCP_91537	NA	1958	EGR1	0.3281	0.6544
LINCSCP_91537	NA	10153	CEBPZ	0.1585	0.6573
LINCSCP_91537	NA	3156	HMGCR	-0.1894	0.6642
LINCSCP_91537	NA	3454	IFNAR1	-0.173	0.6647
LINCSCP_91537	NA	9847	C2CD5	0.164	0.6684
LINCSCP_91537	NA	2745	GLRX	-0.1972	0.6689
LINCSCP_91537	NA	9455	HOMER2	-0.2023	0.6702
LINCSCP_91537	NA	54205	CYCS	0.187	0.6719
LINCSCP_91537	NA	51466	EVL	0.1801	0.6737
LINCSCP_91537	NA	2063	NR2F6	0.3247	0.6781
LINCSCP_91537	NA	6284	S100A13	-0.1502	0.6841
LINCSCP_91537	NA	4690	NCK1	0.217	0.6856
LINCSCP_91537	NA	1454	CSNK1E	0.2216	0.6874
LINCSCP_91537	NA	50810	HDGFRP3	0.1316	0.6882
LINCSCP_91537	NA	22908	SACM1L	0.1657	0.6894
LINCSCP_91537	NA	1616	DAXX	0.2497	0.6968
LINCSCP_91537	NA	5106	PCK2	0.1751	0.7013
LINCSCP_91537	NA	3628	INPP1	0.1611	0.7016
LINCSCP_91537	NA	54957	TXNL4B	0.1631	0.7053
LINCSCP_91537	NA	23013	SPEN	0.1262	0.7073
LINCSCP_91537	NA	672	BRCA1	0.1525	0.7115
LINCSCP_91537	NA	9637	FEZ2	0.1735	0.7115
LINCSCP_91537	NA	3508	IGHMBP2	-0.2332	0.7154
LINCSCP_91537	NA	4775	NFATC3	0.1301	0.7218
LINCSCP_91537	NA	58497	PRUNE	0.1564	0.7226
LINCSCP_91537	NA	93487	MAPK1IP1L	0.113	0.7256
LINCSCP_91537	NA	7264	TSTA3	-0.1308	0.727
LINCSCP_91537	NA	22934	RPIA	-0.1587	0.7281
LINCSCP_91537	NA	4927	NUP88	-0.1196	0.7287
LINCSCP_91537	NA	10953	TOMM34	0.1213	0.7342
LINCSCP_91537	NA	8837	CFLAR	0.1833	0.7344
LINCSCP_91537	NA	8204	NRIP1	0.1838	0.7352
LINCSCP_91537	NA	5883	RAD9A	0.1219	0.7364
LINCSCP_91537	NA	7105	TSPAN6	0.1376	0.7398
LINCSCP_91537	NA	3925	STMN1	0.1178	0.7407
LINCSCP_91537	NA	5891	MOK	-0.1397	0.7424
LINCSCP_91537	NA	79947	DHDDS	-0.1037	0.7468
LINCSCP_91537	NA	427	ASAH1	0.2176	0.7471
LINCSCP_91537	NA	10298	PAK4	-0.1617	0.7478
LINCSCP_91537	NA	5019	OXCT1	0.1305	0.7519
LINCSCP_91537	NA	3638	INSIG1	0.1094	0.7547
LINCSCP_91537	NA	51053	GMNN	0.1159	0.7555
LINCSCP_91537	NA	5110	PCMT1	-0.1687	0.7558
LINCSCP_91537	NA	29928	TIMM22	0.1258	0.7562
LINCSCP_91537	NA	8985	PLOD3	0.099	0.7658
LINCSCP_91537	NA	23011	RAB21	0.2308	0.7673
LINCSCP_91537	NA	7043	TGFB3	0.1227	0.771
LINCSCP_91537	NA	55012	PPP2R3C	0.1231	0.771
LINCSCP_91537	NA	3251	HPRT1	0.1274	0.7717
LINCSCP_91537	NA	2146	EZH2	-0.1384	0.7733
LINCSCP_91537	NA	10491	CRTAP	-0.1123	0.7758
LINCSCP_91537	NA	51599	LSR	-0.0935	0.7784
LINCSCP_91537	NA	6509	SLC1A4	-0.1279	0.7785
LINCSCP_91537	NA	85236	HIST1H2BK	-0.1281	0.7786
LINCSCP_91537	NA	348	APOE	-0.1031	0.797
LINCSCP_91537	NA	10318	TNIP1	0.328	0.7979
LINCSCP_91537	NA	57048	PLSCR3	-0.248	0.7981
LINCSCP_91537	NA	8804	CREG1	-0.0873	0.8039
LINCSCP_91537	NA	51071	DERA	-0.1485	0.8042
LINCSCP_91537	NA	533	ATP6V0B	0.1358	0.8058
LINCSCP_91537	NA	2185	PTK2B	-0.128	0.8102
LINCSCP_91537	NA	2042	EPHA3	-0.0939	0.8128
LINCSCP_91537	NA	8996	NOL3	0.2041	0.8149
LINCSCP_91537	NA	9690	UBE3C	0.0738	0.8179
LINCSCP_91537	NA	8508	NIPSNAP1	0.1122	0.8194
LINCSCP_91537	NA	6304	SATB1	0.1351	0.8216
LINCSCP_91537	NA	6697	SPR	0.1003	0.827
LINCSCP_91537	NA	1950	EGF	-0.0784	0.8279
LINCSCP_91537	NA	58533	SNX6	0.0768	0.829
LINCSCP_91537	NA	847	CAT	0.1101	0.8295
LINCSCP_91537	NA	10049	DNAJB6	-0.1037	0.8315
LINCSCP_91537	NA	1509	CTSD	-0.0878	0.838
LINCSCP_91537	NA	1738	DLD	-0.0672	0.8419
LINCSCP_91537	NA	23522	KAT6B	0.0743	0.8422
LINCSCP_91537	NA	6777	STAT5B	0.1194	0.8428
LINCSCP_91537	NA	11142	PKIG	0.0646	0.845
LINCSCP_91537	NA	51097	SCCPDH	-0.101	0.8502
LINCSCP_91537	NA	29937	NENF	0.0593	0.8515
LINCSCP_91537	NA	23325	KIAA1033	0.1312	0.8551
LINCSCP_91537	NA	10617	STAMBP	0.0741	0.8563
LINCSCP_91537	NA	3308	HSPA4	-0.0657	0.8573
LINCSCP_91537	NA	1848	DUSP6	0.0687	0.8581
LINCSCP_91537	NA	5211	PFKL	-0.0805	0.8588
LINCSCP_91537	NA	9709	HERPUD1	-0.0555	0.8637
LINCSCP_91537	NA	10513	APPBP2	0.0685	0.8665
LINCSCP_91537	NA	124583	CANT1	-0.0665	0.8671
LINCSCP_91537	NA	230	ALDOC	-0.0815	0.869
LINCSCP_91537	NA	23530	NNT	0.0975	0.8693
LINCSCP_91537	NA	2920	CXCL2	0.0574	0.8705
LINCSCP_91537	NA	1001	CDH3	-0.0645	0.8721
LINCSCP_91537	NA	375346	TMEM110	0.0833	0.8729
LINCSCP_91537	NA	23410	SIRT3	0.5515	0.8763
LINCSCP_91537	NA	9761	MLEC	0.0595	0.8791
LINCSCP_91537	NA	54499	TMCO1	0.0519	0.881
LINCSCP_91537	NA	79716	NPEPL1	-0.0606	0.884
LINCSCP_91537	NA	5867	RAB4A	0.054	0.8865
LINCSCP_91537	NA	6988	TCTA	-0.0827	0.8866
LINCSCP_91537	NA	7296	TXNRD1	0.0676	0.8879
LINCSCP_91537	NA	5440	POLR2K	0.0565	0.8911
LINCSCP_91537	NA	9903	KLHL21	0.0567	0.8921
LINCSCP_91537	NA	79071	ELOVL6	0.0397	0.9008
LINCSCP_91537	NA	9491	PSMF1	-0.0481	0.9046
LINCSCP_91537	NA	6804	STX1A	0.0743	0.9052
LINCSCP_91537	NA	26001	RNF167	-0.0425	0.9064
LINCSCP_91537	NA	10046	MAMLD1	-0.0409	0.9101
LINCSCP_91537	NA	5373	PMM2	0.0771	0.9112
LINCSCP_91537	NA	51385	ZNF589	0.0347	0.9127
LINCSCP_91537	NA	80758	PRR7	0.0618	0.9157
LINCSCP_91537	NA	10810	WASF3	-0.0453	0.9177
LINCSCP_91537	NA	26511	CHIC2	0.0372	0.9187
LINCSCP_91537	NA	7015	TERT	-0.0471	0.9192
LINCSCP_91537	NA	8243	SMC1A	0.0324	0.9194
LINCSCP_91537	NA	25932	CLIC4	0.04	0.9196
LINCSCP_91537	NA	26520	TIMM9	-0.0375	0.9239
LINCSCP_91537	NA	10058	ABCB6	0.0452	0.9258
LINCSCP_91537	NA	80204	FBXO11	0.0669	0.9262
LINCSCP_91537	NA	466	ATF1	0.0428	0.9282
LINCSCP_91537	NA	9133	CCNB2	0.0318	0.9296
LINCSCP_91537	NA	23223	RRP12	0.0372	0.9297
LINCSCP_91537	NA	80212	CCDC92	0.0291	0.9332
LINCSCP_91537	NA	11325	DDX42	0.0293	0.9353
LINCSCP_91537	NA	57761	TRIB3	0.04	0.9375
LINCSCP_91537	NA	5986	RFNG	0.0833	0.9433
LINCSCP_91537	NA	80347	COASY	0.0363	0.9457
LINCSCP_91537	NA	6009	RHEB	0.0333	0.9495
LINCSCP_91537	NA	11073	TOPBP1	0.0227	0.951
LINCSCP_91537	NA	51422	PRKAG2	0.0194	0.9522
LINCSCP_91537	NA	6347	CCL2	-0.0161	0.9612
LINCSCP_91537	NA	6118	RPA2	-0.0198	0.9671
LINCSCP_91537	NA	6676	SPAG4	0.0166	0.9686
LINCSCP_91537	NA	11284	PNKP	0.0129	0.9717
LINCSCP_91537	NA	10525	HYOU1	-0.0134	0.9749
LINCSCP_91537	NA	5357	PLS1	-0.0117	0.9762
LINCSCP_91537	NA	23443	SLC35A3	-0.0069	0.9826
LINCSCP_91537	NA	3162	HMOX1	0.0085	0.9863
LINCSCP_91537	NA	1831	TSC22D3	-0.0091	0.988
LINCSCP_91537	NA	9488	PIGB	-0.0065	0.9881
LINCSCP_91537	NA	8091	HMGA2	-0.0034	0.9926
LINCSCP_91537	NA	10276	NET1	0.0031	0.9928
LINCSCP_91537	NA	51005	AMDHD2	0.0062	0.9931
LINCSCP_91537	NA	55793	FAM63A	-0.0018	0.9962
LINCSCP_91537	NA	3108	HLA-DMA	0.0016	0.9974
LINCSCP_91537	NA	154	ADRB2	4e-4	0.9991
