signatureID	PROBE	ID_geneid	Name_GeneSymbol	Value_LogDiffExp	Significance_pvalue
LINCSCP_89736	NA	983	CDK1	-10	0
LINCSCP_89736	NA	994	CDC25B	-10	0
LINCSCP_89736	NA	3337	DNAJB1	10	0
LINCSCP_89736	NA	5111	PCNA	-10	0
LINCSCP_89736	NA	7153	TOP2A	-10	0
LINCSCP_89736	NA	9133	CCNB2	-10	0
LINCSCP_89736	NA	9531	BAG3	10	0
LINCSCP_89736	NA	9709	HERPUD1	10	0
LINCSCP_89736	NA	9847	C2CD5	-10	0
LINCSCP_89736	NA	11098	PRSS23	-10	0
LINCSCP_89736	NA	55748	CNDP2	-10	0
LINCSCP_89736	NA	84617	TUBB6	-10	0
LINCSCP_89736	NA	142	PARP1	-9.8909	0
LINCSCP_89736	NA	8870	IER3	9.8568	0
LINCSCP_89736	NA	23585	TMEM50A	-9.7453	0
LINCSCP_89736	NA	7106	TSPAN4	-9.6573	0
LINCSCP_89736	NA	84890	ADO	-9.4776	1e-4
LINCSCP_89736	NA	51021	MRPS16	-8.9554	1e-4
LINCSCP_89736	NA	22889	KIAA0907	7.3112	1e-4
LINCSCP_89736	NA	3486	IGFBP3	-9.3074	1e-4
LINCSCP_89736	NA	51071	DERA	-8.9102	1e-4
LINCSCP_89736	NA	1277	COL1A1	-9.0975	1e-4
LINCSCP_89736	NA	11157	LSM6	-7.272	1e-4
LINCSCP_89736	NA	1019	CDK4	-9.4634	1e-4
LINCSCP_89736	NA	4282	MIF	-9.0195	1e-4
LINCSCP_89736	NA	22934	RPIA	-6.2426	2e-4
LINCSCP_89736	NA	5019	OXCT1	-6.3285	2e-4
LINCSCP_89736	NA	54442	KCTD5	7.4058	2e-4
LINCSCP_89736	NA	8574	AKR7A2	-9.3904	2e-4
LINCSCP_89736	NA	55837	EAPP	-6.6118	2e-4
LINCSCP_89736	NA	3329	HSPD1	6.9761	2e-4
LINCSCP_89736	NA	6804	STX1A	9.3486	2e-4
LINCSCP_89736	NA	23386	NUDCD3	-8.7807	2e-4
LINCSCP_89736	NA	392	ARHGAP1	-8.7737	2e-4
LINCSCP_89736	NA	3925	STMN1	-9.3064	2e-4
LINCSCP_89736	NA	10652	YKT6	-7.2772	2e-4
LINCSCP_89736	NA	2624	GATA2	9.2718	3e-4
LINCSCP_89736	NA	11065	UBE2C	-9.2706	3e-4
LINCSCP_89736	NA	8550	MAPKAPK5	6.8295	3e-4
LINCSCP_89736	NA	5467	PPARD	5.3189	3e-4
LINCSCP_89736	NA	55608	ANKRD10	5.6628	3e-4
LINCSCP_89736	NA	3312	HSPA8	5.9784	4e-4
LINCSCP_89736	NA	79080	CCDC86	4.9683	4e-4
LINCSCP_89736	NA	8914	TIMELESS	-8.5442	4e-4
LINCSCP_89736	NA	3303	HSPA1A	5.7589	4e-4
LINCSCP_89736	NA	51097	SCCPDH	-5.3064	4e-4
LINCSCP_89736	NA	10112	KIF20A	-9.1598	4e-4
LINCSCP_89736	NA	8204	NRIP1	-8.5827	4e-4
LINCSCP_89736	NA	2673	GFPT1	5.3867	4e-4
LINCSCP_89736	NA	11182	SLC2A6	-5.2693	5e-4
LINCSCP_89736	NA	55038	CDCA4	-6.3133	5e-4
LINCSCP_89736	NA	51203	NUSAP1	-8.0568	5e-4
LINCSCP_89736	NA	55699	IARS2	-9.0993	5e-4
LINCSCP_89736	NA	1647	GADD45A	8.5116	5e-4
LINCSCP_89736	NA	332	BIRC5	-5.3027	5e-4
LINCSCP_89736	NA	3988	LIPA	-8.8861	5e-4
LINCSCP_89736	NA	5827	PXMP2	-8.023	5e-4
LINCSCP_89736	NA	8851	CDK5R1	5.2287	5e-4
LINCSCP_89736	NA	2810	SFN	-4.9499	6e-4
LINCSCP_89736	NA	10245	TIMM17B	-7.5284	6e-4
LINCSCP_89736	NA	10038	PARP2	-8.6487	6e-4
LINCSCP_89736	NA	5092	PCBD1	-5.1083	6e-4
LINCSCP_89736	NA	9697	TRAM2	-7.8872	7e-4
LINCSCP_89736	NA	5836	PYGL	-8.3385	7e-4
LINCSCP_89736	NA	2745	GLRX	4.9908	7e-4
LINCSCP_89736	NA	80349	WDR61	-7.7449	7e-4
LINCSCP_89736	NA	7168	TPM1	-5.9585	7e-4
LINCSCP_89736	NA	9903	KLHL21	5.3655	7e-4
LINCSCP_89736	NA	991	CDC20	-5.3583	8e-4
LINCSCP_89736	NA	291	SLC25A4	-5.7713	8e-4
LINCSCP_89736	NA	5743	PTGS2	5.2517	8e-4
LINCSCP_89736	NA	10606	PAICS	-6.0062	8e-4
LINCSCP_89736	NA	5480	PPIC	-6.2879	8e-4
LINCSCP_89736	NA	5366	PMAIP1	4.5092	8e-4
LINCSCP_89736	NA	9851	KIAA0753	4.1654	9e-4
LINCSCP_89736	NA	5927	KDM5A	3.9974	9e-4
LINCSCP_89736	NA	8878	SQSTM1	6.2085	9e-4
LINCSCP_89736	NA	54541	DDIT4	8.1156	9e-4
LINCSCP_89736	NA	51024	FIS1	-6.9344	9e-4
LINCSCP_89736	NA	23300	ATMIN	-8.395	0.001
LINCSCP_89736	NA	29082	CHMP4A	-8.3451	0.001
LINCSCP_89736	NA	54438	GFOD1	5.1415	0.001
LINCSCP_89736	NA	23210	JMJD6	5.9127	0.001
LINCSCP_89736	NA	26520	TIMM9	-8.7535	0.001
LINCSCP_89736	NA	3482	IGF2R	3.7307	0.0011
LINCSCP_89736	NA	3091	HIF1A	-5.4221	0.0011
LINCSCP_89736	NA	9854	C2CD2L	8.8244	0.0011
LINCSCP_89736	NA	64781	CERK	4.712	0.0011
LINCSCP_89736	NA	899	CCNF	-6.9051	0.0012
LINCSCP_89736	NA	7159	TP53BP2	3.8536	0.0012
LINCSCP_89736	NA	3251	HPRT1	-5.844	0.0012
LINCSCP_89736	NA	2956	MSH6	-7.1952	0.0012
LINCSCP_89736	NA	3693	ITGB5	-5.01	0.0013
LINCSCP_89736	NA	4638	MYLK	-6.1215	0.0013
LINCSCP_89736	NA	3815	KIT	3.934	0.0013
LINCSCP_89736	NA	5883	RAD9A	6.0869	0.0014
LINCSCP_89736	NA	9552	SPAG7	5.0272	0.0014
LINCSCP_89736	NA	6251	RSU1	-5.7222	0.0014
LINCSCP_89736	NA	55556	ENOSF1	-3.9552	0.0014
LINCSCP_89736	NA	51026	GOLT1B	3.7169	0.0014
LINCSCP_89736	NA	1831	TSC22D3	6.4899	0.0014
LINCSCP_89736	NA	10818	FRS2	6.227	0.0014
LINCSCP_89736	NA	3398	ID2	4.3876	0.0014
LINCSCP_89736	NA	79071	ELOVL6	-4.6339	0.0014
LINCSCP_89736	NA	51742	ARID4B	4.7883	0.0015
LINCSCP_89736	NA	6284	S100A13	-7.7973	0.0015
LINCSCP_89736	NA	11151	CORO1A	3.6729	0.0015
LINCSCP_89736	NA	5900	RALGDS	3.4916	0.0016
LINCSCP_89736	NA	79170	PRR15L	3.9657	0.0016
LINCSCP_89736	NA	5716	PSMD10	-5.8273	0.0017
LINCSCP_89736	NA	3300	DNAJB2	5.5006	0.0017
LINCSCP_89736	NA	7358	UGDH	3.6764	0.0017
LINCSCP_89736	NA	3454	IFNAR1	3.8412	0.0017
LINCSCP_89736	NA	8312	AXIN1	3.9369	0.0018
LINCSCP_89736	NA	8900	CCNA1	4.0069	0.0018
LINCSCP_89736	NA	3508	IGHMBP2	3.2564	0.0018
LINCSCP_89736	NA	1788	DNMT3A	3.4777	0.0018
LINCSCP_89736	NA	890	CCNA2	-7.7028	0.0018
LINCSCP_89736	NA	7157	TP53	-7.7068	0.0018
LINCSCP_89736	NA	9170	LPAR2	5.3346	0.002
LINCSCP_89736	NA	10904	BLCAP	-3.7515	0.002
LINCSCP_89736	NA	56924	PAK6	3.1188	0.002
LINCSCP_89736	NA	6850	SYK	3.2041	0.002
LINCSCP_89736	NA	2770	GNAI1	3.3436	0.002
LINCSCP_89736	NA	5580	PRKCD	4.0712	0.002
LINCSCP_89736	NA	10915	TCERG1	4.6909	0.0021
LINCSCP_89736	NA	3162	HMOX1	8.6008	0.0021
LINCSCP_89736	NA	3315	HSPB1	3.7581	0.0021
LINCSCP_89736	NA	6856	SYPL1	-6.7026	0.0021
LINCSCP_89736	NA	310	ANXA7	-8.2442	0.0022
LINCSCP_89736	NA	27032	ATP2C1	3.2306	0.0023
LINCSCP_89736	NA	4016	LOXL1	-7.7823	0.0023
LINCSCP_89736	NA	3628	INPP1	4.7522	0.0023
LINCSCP_89736	NA	5921	RASA1	-5.941	0.0023
LINCSCP_89736	NA	1070	CETN3	-7.3274	0.0024
LINCSCP_89736	NA	672	BRCA1	-3.3106	0.0024
LINCSCP_89736	NA	29937	NENF	-3.555	0.0024
LINCSCP_89736	NA	4783	NFIL3	3.9122	0.0024
LINCSCP_89736	NA	4144	MAT2A	-3.5375	0.0024
LINCSCP_89736	NA	5720	PSME1	-7.3915	0.0025
LINCSCP_89736	NA	57804	POLD4	-6.2665	0.0025
LINCSCP_89736	NA	2542	SLC37A4	-8.2182	0.0025
LINCSCP_89736	NA	26054	SENP6	5.4235	0.0025
LINCSCP_89736	NA	79094	CHAC1	3.8459	0.0026
LINCSCP_89736	NA	1452	CSNK1A1	3.1766	0.0026
LINCSCP_89736	NA	10892	MALT1	4.2419	0.0026
LINCSCP_89736	NA	8321	FZD1	2.8375	0.0026
LINCSCP_89736	NA	200734	SPRED2	3.6099	0.0026
LINCSCP_89736	NA	6342	SCP2	-4.5538	0.0026
LINCSCP_89736	NA	2582	GALE	-7.5902	0.0027
LINCSCP_89736	NA	10099	TSPAN3	-6.0365	0.0027
LINCSCP_89736	NA	8270	LAGE3	-3.3412	0.0027
LINCSCP_89736	NA	5529	PPP2R5E	3.8154	0.0028
LINCSCP_89736	NA	6709	SPTAN1	6.3056	0.0028
LINCSCP_89736	NA	644	BLVRA	-6.1113	0.0029
LINCSCP_89736	NA	6790	AURKA	-4.7623	0.0029
LINCSCP_89736	NA	23223	RRP12	6.8583	0.0029
LINCSCP_89736	NA	5096	PCCB	-2.9698	0.0029
LINCSCP_89736	NA	5211	PFKL	-5.0043	0.0029
LINCSCP_89736	NA	57192	MCOLN1	3.2984	0.003
LINCSCP_89736	NA	665	BNIP3L	-4.022	0.0031
LINCSCP_89736	NA	466	ATF1	-4.5586	0.0031
LINCSCP_89736	NA	2195	FAT1	-3.2417	0.0032
LINCSCP_89736	NA	10398	MYL9	-4.7893	0.0032
LINCSCP_89736	NA	211	ALAS1	2.6588	0.0033
LINCSCP_89736	NA	27346	TMEM97	-7.6853	0.0033
LINCSCP_89736	NA	7538	ZFP36	7.4183	0.0034
LINCSCP_89736	NA	22887	FOXJ3	3.4652	0.0034
LINCSCP_89736	NA	51031	GLOD4	-4.0393	0.0034
LINCSCP_89736	NA	6443	SGCB	-7.1932	0.0034
LINCSCP_89736	NA	55256	ADI1	-4.6755	0.0035
LINCSCP_89736	NA	4998	ORC1	2.9899	0.0036
LINCSCP_89736	NA	2958	GTF2A2	-3.6454	0.0036
LINCSCP_89736	NA	10165	SLC25A13	-3.3972	0.0036
LINCSCP_89736	NA	9801	MRPL19	-2.8724	0.0036
LINCSCP_89736	NA	3930	LBR	-4.596	0.0037
LINCSCP_89736	NA	2109	ETFB	-4.4267	0.0037
LINCSCP_89736	NA	1846	DUSP4	5.3185	0.0037
LINCSCP_89736	NA	2920	CXCL2	4.0979	0.0037
LINCSCP_89736	NA	10776	ARPP19	-7.2401	0.0039
LINCSCP_89736	NA	8996	NOL3	3.0019	0.004
LINCSCP_89736	NA	9270	ITGB1BP1	-5.1277	0.0041
LINCSCP_89736	NA	11041	B4GAT1	-6.2979	0.0041
LINCSCP_89736	NA	3611	ILK	-3.1535	0.0042
LINCSCP_89736	NA	8480	RAE1	3.4467	0.0042
LINCSCP_89736	NA	10221	TRIB1	5.7581	0.0042
LINCSCP_89736	NA	5708	PSMD2	3.174	0.0043
LINCSCP_89736	NA	25805	BAMBI	2.5942	0.0043
LINCSCP_89736	NA	3800	KIF5C	2.735	0.0043
LINCSCP_89736	NA	1677	DFFB	3.1071	0.0043
LINCSCP_89736	NA	6182	MRPL12	-5.1989	0.0044
LINCSCP_89736	NA	23325	KIAA1033	-7.2781	0.0044
LINCSCP_89736	NA	4651	MYO10	4.3315	0.0044
LINCSCP_89736	NA	26292	MYCBP	-6.2648	0.0045
LINCSCP_89736	NA	4172	MCM3	-7.2802	0.0046
LINCSCP_89736	NA	57406	ABHD6	3.9412	0.0046
LINCSCP_89736	NA	10523	CHERP	3.0707	0.0047
LINCSCP_89736	NA	958	CD40	2.4774	0.0047
LINCSCP_89736	NA	11011	TLK2	2.3875	0.0047
LINCSCP_89736	NA	8835	SOCS2	3.4102	0.0047
LINCSCP_89736	NA	8508	NIPSNAP1	-3.719	0.0048
LINCSCP_89736	NA	10180	RBM6	3.4753	0.0048
LINCSCP_89736	NA	9842	PLEKHM1	2.6593	0.0048
LINCSCP_89736	NA	8804	CREG1	-2.4482	0.0048
LINCSCP_89736	NA	10775	POP4	-7.2005	0.0049
LINCSCP_89736	NA	4312	MMP1	5.223	0.0049
LINCSCP_89736	NA	23224	SYNE2	-2.4818	0.0049
LINCSCP_89736	NA	6696	SPP1	4.6775	0.0049
LINCSCP_89736	NA	9181	ARHGEF2	3.4142	0.0049
LINCSCP_89736	NA	5997	RGS2	8.244	0.005
LINCSCP_89736	NA	39	ACAT2	-5.2992	0.005
LINCSCP_89736	NA	5909	RAP1GAP	4.4442	0.005
LINCSCP_89736	NA	10206	TRIM13	2.6806	0.005
LINCSCP_89736	NA	7099	TLR4	3.1559	0.0051
LINCSCP_89736	NA	10190	TXNDC9	-5.8528	0.0051
LINCSCP_89736	NA	80212	CCDC92	-3.8257	0.0051
LINCSCP_89736	NA	23463	ICMT	-7.0173	0.0053
LINCSCP_89736	NA	55604	LRRC16A	3.9839	0.0053
LINCSCP_89736	NA	4775	NFATC3	3.391	0.0054
LINCSCP_89736	NA	90861	HN1L	-8.2045	0.0054
LINCSCP_89736	NA	30849	PIK3R4	-6.0132	0.0054
LINCSCP_89736	NA	9128	PRPF4	-2.9618	0.0054
LINCSCP_89736	NA	670	BPHL	3.6597	0.0055
LINCSCP_89736	NA	23149	FCHO1	3.3815	0.0055
LINCSCP_89736	NA	4850	CNOT4	2.7295	0.0056
LINCSCP_89736	NA	6839	SUV39H1	-3.5922	0.0057
LINCSCP_89736	NA	8985	PLOD3	3.0304	0.0057
LINCSCP_89736	NA	9805	SCRN1	-3.4051	0.0057
LINCSCP_89736	NA	7105	TSPAN6	-5.3627	0.0057
LINCSCP_89736	NA	1643	DDB2	-5.5533	0.0057
LINCSCP_89736	NA	5898	RALA	3.8312	0.0058
LINCSCP_89736	NA	23368	PPP1R13B	4.1274	0.0059
LINCSCP_89736	NA	51569	UFM1	3.6724	0.0059
LINCSCP_89736	NA	23338	JADE2	-2.5902	0.0059
LINCSCP_89736	NA	5796	PTPRK	2.2717	0.0059
LINCSCP_89736	NA	23378	RRP8	2.3679	0.0059
LINCSCP_89736	NA	7074	TIAM1	-2.6341	0.006
LINCSCP_89736	NA	6793	STK10	2.2695	0.006
LINCSCP_89736	NA	1848	DUSP6	4.4769	0.0061
LINCSCP_89736	NA	27242	TNFRSF21	2.521	0.0062
LINCSCP_89736	NA	5770	PTPN1	3.9153	0.0062
LINCSCP_89736	NA	5261	PHKG2	5.0791	0.0063
LINCSCP_89736	NA	6118	RPA2	-2.2102	0.0063
LINCSCP_89736	NA	64429	ZDHHC6	-3.0277	0.0063
LINCSCP_89736	NA	148022	TICAM1	2.6032	0.0064
LINCSCP_89736	NA	8440	NCK2	4.0397	0.0064
LINCSCP_89736	NA	7982	ST7	6.1549	0.0065
LINCSCP_89736	NA	3028	HSD17B10	-2.1971	0.0066
LINCSCP_89736	NA	51719	CAB39	2.3436	0.0067
LINCSCP_89736	NA	23530	NNT	-3.5819	0.0067
LINCSCP_89736	NA	26020	LRP10	-5.742	0.0067
LINCSCP_89736	NA	10059	DNM1L	4.7942	0.0067
LINCSCP_89736	NA	3480	IGF1R	-3.9514	0.0068
LINCSCP_89736	NA	5223	PGAM1	-4.5165	0.0069
LINCSCP_89736	NA	9738	CCP110	-4.7274	0.0069
LINCSCP_89736	NA	5986	RFNG	3.9561	0.0069
LINCSCP_89736	NA	2961	GTF2E2	-2.4562	0.0069
LINCSCP_89736	NA	10285	SMNDC1	2.9976	0.007
LINCSCP_89736	NA	4780	NFE2L2	4.7976	0.007
LINCSCP_89736	NA	47	ACLY	-2.7614	0.007
LINCSCP_89736	NA	10857	PGRMC1	-4.8087	0.0072
LINCSCP_89736	NA	1983	EIF5	2.9905	0.0072
LINCSCP_89736	NA	9813	EFCAB14	3.5751	0.0072
LINCSCP_89736	NA	2264	FGFR4	4.4937	0.0072
LINCSCP_89736	NA	9261	MAPKAPK2	2.4941	0.0073
LINCSCP_89736	NA	5427	POLE2	-4.737	0.0074
LINCSCP_89736	NA	9670	IPO13	2.8749	0.0074
LINCSCP_89736	NA	11200	CHEK2	-4.6784	0.0076
LINCSCP_89736	NA	2274	FHL2	-2.3777	0.0077
LINCSCP_89736	NA	2309	FOXO3	2.1972	0.0077
LINCSCP_89736	NA	5236	PGM1	-6.1415	0.0077
LINCSCP_89736	NA	79006	METRN	-2.6097	0.0079
LINCSCP_89736	NA	5347	PLK1	-4.2736	0.0081
LINCSCP_89736	NA	843	CASP10	3.4398	0.0081
LINCSCP_89736	NA	10525	HYOU1	2.7978	0.0081
LINCSCP_89736	NA	2356	FPGS	-4.2875	0.0083
LINCSCP_89736	NA	1153	CIRBP	-6.8552	0.0085
LINCSCP_89736	NA	8837	CFLAR	-2.384	0.0086
LINCSCP_89736	NA	9897	KIAA0196	2.7666	0.0086
LINCSCP_89736	NA	1738	DLD	-5.3298	0.0086
LINCSCP_89736	NA	348	APOE	2.9049	0.0087
LINCSCP_89736	NA	5050	PAFAH1B3	-2.5523	0.0087
LINCSCP_89736	NA	11168	PSIP1	-6.4093	0.0089
LINCSCP_89736	NA	5357	PLS1	-4.2331	0.0089
LINCSCP_89736	NA	4931	NVL	2.615	0.0089
LINCSCP_89736	NA	2852	GPER1	3.2254	0.0089
LINCSCP_89736	NA	79073	TMEM109	-5.1292	0.009
LINCSCP_89736	NA	8624	PSMG1	-6.7437	0.009
LINCSCP_89736	NA	64428	NARFL	3.1959	0.0092
LINCSCP_89736	NA	3308	HSPA4	2.8213	0.0093
LINCSCP_89736	NA	2548	GAA	-1.905	0.0096
LINCSCP_89736	NA	3553	IL1B	4.0373	0.0096
LINCSCP_89736	NA	5982	RFC2	-3.156	0.0097
LINCSCP_89736	NA	5721	PSME2	-3.6395	0.0097
LINCSCP_89736	NA	51282	SCAND1	-5.9167	0.0098
LINCSCP_89736	NA	57048	PLSCR3	-2.5297	0.0099
LINCSCP_89736	NA	23443	SLC35A3	-3.4156	0.01
LINCSCP_89736	NA	1666	DECR1	-2.3957	0.0101
LINCSCP_89736	NA	51465	UBE2J1	3.1113	0.0101
LINCSCP_89736	NA	9533	POLR1C	2.026	0.0101
LINCSCP_89736	NA	6657	SOX2	2.9547	0.0102
LINCSCP_89736	NA	10123	ARL4C	3.1573	0.0102
LINCSCP_89736	NA	10557	RPP38	-4.4154	0.0103
LINCSCP_89736	NA	23658	LSM5	-6.6428	0.0103
LINCSCP_89736	NA	4067	LYN	4.0343	0.0103
LINCSCP_89736	NA	9961	MVP	-3.9235	0.0103
LINCSCP_89736	NA	998	CDC42	-4.0042	0.0103
LINCSCP_89736	NA	7015	TERT	2.9406	0.0103
LINCSCP_89736	NA	10049	DNAJB6	5.753	0.0104
LINCSCP_89736	NA	6117	RPA1	-3.9707	0.0104
LINCSCP_89736	NA	3978	LIG1	-5.5856	0.0105
LINCSCP_89736	NA	10494	STK25	-2.3312	0.0105
LINCSCP_89736	NA	50814	NSDHL	2.3619	0.0107
LINCSCP_89736	NA	23161	SNX13	4.1795	0.0107
LINCSCP_89736	NA	8061	FOSL1	-3.7187	0.0109
LINCSCP_89736	NA	2263	FGFR2	3.3819	0.0109
LINCSCP_89736	NA	7048	TGFBR2	-2.0289	0.0109
LINCSCP_89736	NA	7867	MAPKAPK3	-2.7087	0.0109
LINCSCP_89736	NA	10451	VAV3	2.4632	0.011
LINCSCP_89736	NA	9650	MTFR1	3.3137	0.011
LINCSCP_89736	NA	93594	TBC1D31	2.857	0.011
LINCSCP_89736	NA	6616	SNAP25	1.9382	0.011
LINCSCP_89736	NA	7466	WFS1	-2.6875	0.011
LINCSCP_89736	NA	2113	ETS1	1.8864	0.0111
LINCSCP_89736	NA	23536	ADAT1	3.5801	0.0112
LINCSCP_89736	NA	10273	STUB1	-2.7494	0.0112
LINCSCP_89736	NA	1459	CSNK2A2	4.193	0.0113
LINCSCP_89736	NA	54386	TERF2IP	4.252	0.0113
LINCSCP_89736	NA	7158	TP53BP1	1.8358	0.0114
LINCSCP_89736	NA	51070	NOSIP	-1.8507	0.0115
LINCSCP_89736	NA	5289	PIK3C3	2.5757	0.0116
LINCSCP_89736	NA	965	CD58	-2.203	0.0117
LINCSCP_89736	NA	8444	DYRK3	3.36	0.0117
LINCSCP_89736	NA	11007	CCDC85B	-1.8747	0.0117
LINCSCP_89736	NA	1829	DSG2	-2.2521	0.012
LINCSCP_89736	NA	226	ALDOA	-2.9842	0.012
LINCSCP_89736	NA	9833	MELK	-4.5449	0.0121
LINCSCP_89736	NA	5438	POLR2I	-6.4085	0.0122
LINCSCP_89736	NA	5710	PSMD4	-3.6013	0.0122
LINCSCP_89736	NA	11031	RAB31	3.119	0.0122
LINCSCP_89736	NA	9917	FAM20B	4.3097	0.0123
LINCSCP_89736	NA	79174	CRELD2	3.8053	0.0124
LINCSCP_89736	NA	2523	FUT1	3.0765	0.0125
LINCSCP_89736	NA	9267	CYTH1	-1.8432	0.0126
LINCSCP_89736	NA	1398	CRK	2.1429	0.0126
LINCSCP_89736	NA	5747	PTK2	2.2722	0.0127
LINCSCP_89736	NA	831	CAST	2.4456	0.0127
LINCSCP_89736	NA	5498	PPOX	2.8231	0.0129
LINCSCP_89736	NA	2625	GATA3	2.3138	0.0129
LINCSCP_89736	NA	55179	FAIM	2.2069	0.013
LINCSCP_89736	NA	5993	RFX5	1.7529	0.013
LINCSCP_89736	NA	7016	TESK1	3.5952	0.013
LINCSCP_89736	NA	57761	TRIB3	2.5846	0.013
LINCSCP_89736	NA	1534	CYB561	2.4397	0.0131
LINCSCP_89736	NA	128	ADH5	-3.321	0.0132
LINCSCP_89736	NA	8503	PIK3R3	5.1855	0.0134
LINCSCP_89736	NA	3098	HK1	2.1946	0.0135
LINCSCP_89736	NA	55958	KLHL9	-2.6899	0.0135
LINCSCP_89736	NA	58497	PRUNE	-2.6622	0.0135
LINCSCP_89736	NA	5601	MAPK9	2.2475	0.0136
LINCSCP_89736	NA	1509	CTSD	2.7359	0.0137
LINCSCP_89736	NA	102	ADAM10	-3.4699	0.0137
LINCSCP_89736	NA	4851	NOTCH1	3.6063	0.0139
LINCSCP_89736	NA	9761	MLEC	-2.2617	0.0139
LINCSCP_89736	NA	8553	BHLHE40	-2.6881	0.014
LINCSCP_89736	NA	22841	RAB11FIP2	2.5184	0.014
LINCSCP_89736	NA	50813	COPS7A	-3.9042	0.014
LINCSCP_89736	NA	6499	SKIV2L	-2.837	0.0141
LINCSCP_89736	NA	2131	EXT1	2.0376	0.0141
LINCSCP_89736	NA	1050	CEBPA	1.9741	0.0145
LINCSCP_89736	NA	652	BMP4	4.2767	0.0146
LINCSCP_89736	NA	85377	MICALL1	-1.7215	0.0147
LINCSCP_89736	NA	23	ABCF1	3.6742	0.0147
LINCSCP_89736	NA	2769	GNA15	3.2914	0.0153
LINCSCP_89736	NA	10493	VAT1	-5.1726	0.0153
LINCSCP_89736	NA	6810	STX4	2.7008	0.0154
LINCSCP_89736	NA	7511	XPNPEP1	-5.382	0.0154
LINCSCP_89736	NA	60493	FASTKD5	2.3215	0.0154
LINCSCP_89736	NA	664	BNIP3	-4.5336	0.0156
LINCSCP_89736	NA	10682	EBP	-6.2852	0.0157
LINCSCP_89736	NA	5829	PXN	3.2456	0.0157
LINCSCP_89736	NA	896	CCND3	1.6403	0.0158
LINCSCP_89736	NA	58533	SNX6	1.8491	0.0158
LINCSCP_89736	NA	10013	HDAC6	-3.4027	0.0158
LINCSCP_89736	NA	10434	LYPLA1	-4.2539	0.016
LINCSCP_89736	NA	7416	VDAC1	-2.7838	0.0162
LINCSCP_89736	NA	10953	TOMM34	-2.1313	0.0162
LINCSCP_89736	NA	54957	TXNL4B	5.0555	0.0162
LINCSCP_89736	NA	5110	PCMT1	-4.7517	0.0163
LINCSCP_89736	NA	8243	SMC1A	-3.3028	0.0164
LINCSCP_89736	NA	26511	CHIC2	1.6957	0.0164
LINCSCP_89736	NA	8446	DUSP11	2.5075	0.0165
LINCSCP_89736	NA	11137	PWP1	-3.5432	0.0167
LINCSCP_89736	NA	5468	PPARG	3.1945	0.0169
LINCSCP_89736	NA	10972	TMED10	-5.0657	0.0169
LINCSCP_89736	NA	5925	RB1	-1.6449	0.0173
LINCSCP_89736	NA	10973	ASCC3	-3.3047	0.0174
LINCSCP_89736	NA	3033	HADH	-7.5076	0.0175
LINCSCP_89736	NA	93487	MAPK1IP1L	-2.0008	0.0176
LINCSCP_89736	NA	4088	SMAD3	-1.8028	0.0178
LINCSCP_89736	NA	4794	NFKBIE	2.0028	0.018
LINCSCP_89736	NA	1026	CDKN1A	2.2368	0.018
LINCSCP_89736	NA	11000	SLC27A3	3.2834	0.0182
LINCSCP_89736	NA	5792	PTPRF	2.6503	0.0182
LINCSCP_89736	NA	5547	PRCP	-4.3927	0.0182
LINCSCP_89736	NA	6461	SHB	3.6136	0.0184
LINCSCP_89736	NA	4793	NFKBIB	3.1618	0.0185
LINCSCP_89736	NA	10227	MFSD10	-3.3093	0.0186
LINCSCP_89736	NA	7750	ZMYM2	1.6379	0.0186
LINCSCP_89736	NA	5290	PIK3CA	3.6693	0.0187
LINCSCP_89736	NA	5255	PHKA1	2.3734	0.0188
LINCSCP_89736	NA	5607	MAP2K5	1.6531	0.0189
LINCSCP_89736	NA	5058	PAK1	4.1203	0.0189
LINCSCP_89736	NA	1123	CHN1	2.1506	0.0192
LINCSCP_89736	NA	7027	TFDP1	-1.7703	0.0193
LINCSCP_89736	NA	57147	SCYL3	-2.6515	0.0194
LINCSCP_89736	NA	4791	NFKB2	3.6728	0.0195
LINCSCP_89736	NA	30836	DNTTIP2	1.7888	0.0195
LINCSCP_89736	NA	22827	PUF60	2.0948	0.0195
LINCSCP_89736	NA	10298	PAK4	2.2781	0.0196
LINCSCP_89736	NA	2771	GNAI2	-2.6886	0.0197
LINCSCP_89736	NA	1500	CTNND1	2.4982	0.0198
LINCSCP_89736	NA	7296	TXNRD1	2.6282	0.0199
LINCSCP_89736	NA	7020	TFAP2A	3.2104	0.0199
LINCSCP_89736	NA	7994	KAT6A	1.6786	0.0199
LINCSCP_89736	NA	1399	CRKL	1.781	0.0199
LINCSCP_89736	NA	7264	TSTA3	-2.157	0.0202
LINCSCP_89736	NA	23271	CAMSAP2	2.8376	0.0202
LINCSCP_89736	NA	481	ATP1B1	-3.3415	0.0203
LINCSCP_89736	NA	25803	SPDEF	1.8664	0.0204
LINCSCP_89736	NA	8895	CPNE3	-5.8664	0.0205
LINCSCP_89736	NA	5321	PLA2G4A	2.4104	0.0209
LINCSCP_89736	NA	11188	NISCH	3.1178	0.0209
LINCSCP_89736	NA	5018	OXA1L	-3.5795	0.021
LINCSCP_89736	NA	5373	PMM2	3.2535	0.021
LINCSCP_89736	NA	9019	MPZL1	2.5006	0.021
LINCSCP_89736	NA	2222	FDFT1	-1.6821	0.0211
LINCSCP_89736	NA	116832	RPL39L	-1.952	0.0211
LINCSCP_89736	NA	427	ASAH1	-5.9765	0.0211
LINCSCP_89736	NA	26136	TES	1.5098	0.0213
LINCSCP_89736	NA	10237	SLC35B1	-3.5523	0.0213
LINCSCP_89736	NA	5613	PRKX	3.5677	0.0213
LINCSCP_89736	NA	9915	ARNT2	1.6151	0.0213
LINCSCP_89736	NA	11230	PRAF2	-5.3132	0.0214
LINCSCP_89736	NA	5788	PTPRC	2.5678	0.0218
LINCSCP_89736	NA	29083	GTPBP8	-2.834	0.0218
LINCSCP_89736	NA	54681	P4HTM	-1.7627	0.0219
LINCSCP_89736	NA	6119	RPA3	-5.7505	0.0224
LINCSCP_89736	NA	54881	TEX10	3.2733	0.0227
LINCSCP_89736	NA	2954	GSTZ1	-2.0393	0.0227
LINCSCP_89736	NA	10617	STAMBP	-5.7003	0.0228
LINCSCP_89736	NA	1759	DNM1	1.5461	0.0228
LINCSCP_89736	NA	2065	ERBB3	3.062	0.0234
LINCSCP_89736	NA	9289	ADGRG1	2.5725	0.0236
LINCSCP_89736	NA	7866	IFRD2	-2.5675	0.0239
LINCSCP_89736	NA	10641	NPRL2	3.9172	0.0242
LINCSCP_89736	NA	7398	USP1	-4.7656	0.0242
LINCSCP_89736	NA	4864	NPC1	4.1012	0.0243
LINCSCP_89736	NA	10146	G3BP1	-5.9215	0.0244
LINCSCP_89736	NA	2946	GSTM2	1.9711	0.0244
LINCSCP_89736	NA	960	CD44	2.2145	0.0244
LINCSCP_89736	NA	3638	INSIG1	-2.3757	0.0245
LINCSCP_89736	NA	30	ACAA1	1.7351	0.0245
LINCSCP_89736	NA	8349	HIST2H2BE	2.91	0.0251
LINCSCP_89736	NA	8607	RUVBL1	-1.6298	0.0257
LINCSCP_89736	NA	5873	RAB27A	-1.9182	0.0257
LINCSCP_89736	NA	7043	TGFB3	3.0036	0.026
LINCSCP_89736	NA	10051	SMC4	-2.5577	0.0261
LINCSCP_89736	NA	3775	KCNK1	3.5919	0.0261
LINCSCP_89736	NA	26993	AKAP8L	1.7836	0.0265
LINCSCP_89736	NA	2886	GRB7	1.6245	0.0266
LINCSCP_89736	NA	387	RHOA	-2.3047	0.0267
LINCSCP_89736	NA	5588	PRKCQ	2.1707	0.027
LINCSCP_89736	NA	9221	NOLC1	1.5596	0.0271
LINCSCP_89736	NA	1514	CTSL	-2.8516	0.0273
LINCSCP_89736	NA	8396	PIP4K2B	-2.108	0.0278
LINCSCP_89736	NA	10058	ABCB6	1.8863	0.0281
LINCSCP_89736	NA	1029	CDKN2A	-4.7555	0.0284
LINCSCP_89736	NA	5331	PLCB3	-1.7224	0.0285
LINCSCP_89736	NA	2185	PTK2B	3.7321	0.0287
LINCSCP_89736	NA	5696	PSMB8	-5.7231	0.0288
LINCSCP_89736	NA	9491	PSMF1	3.0262	0.029
LINCSCP_89736	NA	4200	ME2	-1.4506	0.0291
LINCSCP_89736	NA	54623	PAF1	3.0484	0.0294
LINCSCP_89736	NA	65123	INTS3	-1.8482	0.0296
LINCSCP_89736	NA	8569	MKNK1	2.0898	0.0296
LINCSCP_89736	NA	22926	ATF6	-5.3344	0.0298
LINCSCP_89736	NA	5831	PYCR1	1.4753	0.0299
LINCSCP_89736	NA	6909	TBX2	2.761	0.03
LINCSCP_89736	NA	2058	EPRS	-1.9442	0.0301
LINCSCP_89736	NA	6464	SHC1	2.3559	0.0301
LINCSCP_89736	NA	9926	LPGAT1	1.6914	0.0303
LINCSCP_89736	NA	4817	NIT1	2.3245	0.0306
LINCSCP_89736	NA	10489	LRRC41	1.5762	0.0307
LINCSCP_89736	NA	23522	KAT6B	1.9492	0.0307
LINCSCP_89736	NA	94239	H2AFV	2.356	0.0307
LINCSCP_89736	NA	1845	DUSP3	1.6638	0.0311
LINCSCP_89736	NA	2017	CTTN	-1.9631	0.0313
LINCSCP_89736	NA	533	ATP6V0B	2.1722	0.0324
LINCSCP_89736	NA	23139	MAST2	2.9486	0.0325
LINCSCP_89736	NA	11044	PAPD7	3.2412	0.0326
LINCSCP_89736	NA	10732	TCFL5	-1.9479	0.0328
LINCSCP_89736	NA	11232	POLG2	1.3305	0.033
LINCSCP_89736	NA	79947	DHDDS	5.6427	0.0337
LINCSCP_89736	NA	596	BCL2	1.4432	0.034
LINCSCP_89736	NA	1616	DAXX	2.2387	0.0341
LINCSCP_89736	NA	3597	IL13RA1	1.3273	0.0342
LINCSCP_89736	NA	23597	ACOT9	-3.5387	0.0343
LINCSCP_89736	NA	7376	NR1H2	4.7148	0.0351
LINCSCP_89736	NA	10007	GNPDA1	-5.665	0.0356
LINCSCP_89736	NA	22823	MTF2	1.2463	0.0356
LINCSCP_89736	NA	51599	LSR	4.2239	0.0358
LINCSCP_89736	NA	4860	PNP	1.2607	0.0358
LINCSCP_89736	NA	9217	VAPB	-1.6884	0.0359
LINCSCP_89736	NA	55893	ZNF395	2.9488	0.036
LINCSCP_89736	NA	56889	TM9SF3	-2.7834	0.0364
LINCSCP_89736	NA	3964	LGALS8	1.949	0.0364
LINCSCP_89736	NA	9928	KIF14	-1.452	0.0372
LINCSCP_89736	NA	4303	FOXO4	2.3187	0.0373
LINCSCP_89736	NA	2063	NR2F6	1.4007	0.0385
LINCSCP_89736	NA	10450	PPIE	-2.1375	0.0385
LINCSCP_89736	NA	4216	MAP3K4	2.6218	0.0385
LINCSCP_89736	NA	6500	SKP1	-2.035	0.0386
LINCSCP_89736	NA	2887	GRB10	-1.5809	0.0388
LINCSCP_89736	NA	79090	TRAPPC6A	2.4688	0.0391
LINCSCP_89736	NA	813	CALU	-2.0265	0.0395
LINCSCP_89736	NA	81544	GDPD5	4.6165	0.0401
LINCSCP_89736	NA	26128	KIF1BP	-3.304	0.0408
LINCSCP_89736	NA	9653	HS2ST1	2.7411	0.0409
LINCSCP_89736	NA	3682	ITGAE	-1.581	0.0415
LINCSCP_89736	NA	56940	DUSP22	-1.4708	0.0418
LINCSCP_89736	NA	79921	TCEAL4	-1.7248000000000001	0.0419
LINCSCP_89736	NA	91137	SLC25A46	-2.1739	0.0427
LINCSCP_89736	NA	3566	IL4R	2.5661	0.0428
LINCSCP_89736	NA	8678	BECN1	-2.2313	0.043
LINCSCP_89736	NA	55825	PECR	2.2213	0.0434
LINCSCP_89736	NA	3157	HMGCS1	-1.6694	0.0442
LINCSCP_89736	NA	8318	CDC45	-4.8821	0.0444
LINCSCP_89736	NA	2288	FKBP4	1.4184	0.0446
LINCSCP_89736	NA	84159	ARID5B	2.1903	0.0447
LINCSCP_89736	NA	10589	DRAP1	-1.4558	0.0447
LINCSCP_89736	NA	5889	RAD51C	-3.116	0.0449
LINCSCP_89736	NA	891	CCNB1	-1.4505	0.0449
LINCSCP_89736	NA	701	BUB1B	2.3452	0.0456
LINCSCP_89736	NA	10329	TMEM5	-3.0653	0.0456
LINCSCP_89736	NA	4232	MEST	1.5708	0.0457
LINCSCP_89736	NA	6772	STAT1	-2.2633	0.0459
LINCSCP_89736	NA	4616	GADD45B	4.0303	0.046
LINCSCP_89736	NA	780	DDR1	1.6163	0.0465
LINCSCP_89736	NA	7485	WRB	-2.8435	0.0469
LINCSCP_89736	NA	3066	HDAC2	-2.4187	0.0475
LINCSCP_89736	NA	80746	TSEN2	-1.766	0.0477
LINCSCP_89736	NA	8726	EED	-1.1388	0.0479
LINCSCP_89736	NA	2778	GNAS	-1.4329	0.0486
LINCSCP_89736	NA	10276	NET1	1.7194	0.0486
LINCSCP_89736	NA	874	CBR3	-5.3579	0.0487
LINCSCP_89736	NA	51005	AMDHD2	-1.8439	0.0494
LINCSCP_89736	NA	51466	EVL	-1.5777	0.0501
LINCSCP_89736	NA	10954	PDIA5	-1.6884	0.0502
LINCSCP_89736	NA	7905	REEP5	-1.6954	0.0506
LINCSCP_89736	NA	29103	DNAJC15	-1.1263	0.0509
LINCSCP_89736	NA	1978	EIF4EBP1	-1.6406	0.051
LINCSCP_89736	NA	64746	ACBD3	1.2357	0.0514
LINCSCP_89736	NA	1802	DPH2	1.3622	0.0523
LINCSCP_89736	NA	2353	FOS	3.1003	0.0526
LINCSCP_89736	NA	9212	AURKB	-1.8669	0.0526
LINCSCP_89736	NA	9702	CEP57	2.0342	0.053
LINCSCP_89736	NA	9246	UBE2L6	1.9623	0.0538
LINCSCP_89736	NA	51160	VPS28	-3.3569	0.0541
LINCSCP_89736	NA	6275	S100A4	-1.3618	0.0545
LINCSCP_89736	NA	695	BTK	1.1842	0.0546
LINCSCP_89736	NA	6253	RTN2	1.8043	0.0551
LINCSCP_89736	NA	6659	SOX4	1.288	0.0553
LINCSCP_89736	NA	1994	ELAVL1	-1.6775	0.0578
LINCSCP_89736	NA	2534	FYN	1.9352	0.0588
LINCSCP_89736	NA	11284	PNKP	-1.2715	0.0591
LINCSCP_89736	NA	4776	NFATC4	2.623	0.0592
LINCSCP_89736	NA	9455	HOMER2	1.8738	0.0595
LINCSCP_89736	NA	51053	GMNN	3.7771	0.0601
LINCSCP_89736	NA	57215	THAP11	2.9425	0.0604
LINCSCP_89736	NA	55746	NUP133	-3.2655	0.0605
LINCSCP_89736	NA	1676	DFFA	2.5641	0.0607
LINCSCP_89736	NA	7874	USP7	2.5977	0.0608
LINCSCP_89736	NA	10898	CPSF4	2.8056	0.061
LINCSCP_89736	NA	29763	PACSIN3	5.4671	0.0612
LINCSCP_89736	NA	9093	DNAJA3	1.0416	0.0615
LINCSCP_89736	NA	637	BID	2.2243	0.0616
LINCSCP_89736	NA	10668	CGRRF1	1.6245	0.0618
LINCSCP_89736	NA	6184	RPN1	-1.1317	0.0628
LINCSCP_89736	NA	16	AARS	-1.583	0.0629
LINCSCP_89736	NA	6944	VPS72	1.4461	0.0632
LINCSCP_89736	NA	27095	TRAPPC3	-3.8004	0.0633
LINCSCP_89736	NA	89910	UBE3B	1.1927	0.0633
LINCSCP_89736	NA	9695	EDEM1	1.3731	0.0648
LINCSCP_89736	NA	1605	DAG1	-2.7723	0.0648
LINCSCP_89736	NA	55129	ANO10	1.2503	0.065
LINCSCP_89736	NA	3122	HLA-DRA	1.3662	0.0657
LINCSCP_89736	NA	10813	UTP14A	2.0254	0.0658
LINCSCP_89736	NA	4846	NOS3	1.9224	0.0675
LINCSCP_89736	NA	9519	TBPL1	2.4984	0.0676
LINCSCP_89736	NA	6697	SPR	2.2418	0.0685
LINCSCP_89736	NA	11142	PKIG	-3.0425	0.0691
LINCSCP_89736	NA	23061	TBC1D9B	1.3465	0.0713
LINCSCP_89736	NA	25966	C2CD2	2.0293	0.0718
LINCSCP_89736	NA	6915	TBXA2R	2.7876	0.073
LINCSCP_89736	NA	200081	TXLNA	-2.1612	0.0741
LINCSCP_89736	NA	5985	RFC5	-2.1441	0.0742
LINCSCP_89736	NA	6509	SLC1A4	3.286	0.0743
LINCSCP_89736	NA	6622	SNCA	3.4626	0.0747
LINCSCP_89736	NA	9112	MTA1	1.7306	0.0748
LINCSCP_89736	NA	6894	TARBP1	1.0838	0.0752
LINCSCP_89736	NA	5867	RAB4A	-2.5912	0.0754
LINCSCP_89736	NA	51056	LAP3	1.65	0.0774
LINCSCP_89736	NA	5108	PCM1	-2.4179	0.0777
LINCSCP_89736	NA	10153	CEBPZ	1.0185	0.0779
LINCSCP_89736	NA	1870	E2F2	4.8445	0.0779
LINCSCP_89736	NA	54505	DHX29	1.186	0.0779
LINCSCP_89736	NA	868	CBLB	1.7465	0.0781
LINCSCP_89736	NA	4605	MYBL2	-0.9424	0.0783
LINCSCP_89736	NA	10174	SORBS3	-1.706	0.0804
LINCSCP_89736	NA	4609	MYC	-1.2603	0.0805
LINCSCP_89736	NA	7852	CXCR4	4.0641	0.0806
LINCSCP_89736	NA	23038	WDTC1	-2.2174	0.0812
LINCSCP_89736	NA	6813	STXBP2	-1.9831	0.0814
LINCSCP_89736	NA	8869	ST3GAL5	-1.0562	0.0822
LINCSCP_89736	NA	622	BDH1	-1.0049	0.0826
LINCSCP_89736	NA	79902	NUP85	-1.2824	0.0828
LINCSCP_89736	NA	11325	DDX42	2.8565	0.0835
LINCSCP_89736	NA	1429	CRYZ	-2.3705	0.0837
LINCSCP_89736	NA	6777	STAT5B	1.5257	0.0838
LINCSCP_89736	NA	64080	RBKS	-1.8584	0.084
LINCSCP_89736	NA	4792	NFKBIA	-1.1752	0.0853
LINCSCP_89736	NA	4925	NUCB2	-1.3324	0.086
LINCSCP_89736	NA	5300	PIN1	-4.7088	0.0864
LINCSCP_89736	NA	10559	SLC35A1	-1.6829	0.0879
LINCSCP_89736	NA	642	BLMH	-1.285	0.0879
LINCSCP_89736	NA	29916	SNX11	1.4638	0.0881
LINCSCP_89736	NA	808	CALM3	1.1837	0.0891
LINCSCP_89736	NA	8518	IKBKAP	-1.1669	0.0891
LINCSCP_89736	NA	1017	CDK2	-1.2326	0.0918
LINCSCP_89736	NA	3383	ICAM1	2.0023	0.0935
LINCSCP_89736	NA	4154	MBNL1	-1.8476	0.094
LINCSCP_89736	NA	9817	KEAP1	0.9797	0.0945
LINCSCP_89736	NA	10644	IGF2BP2	2.4682	0.0957
LINCSCP_89736	NA	5777	PTPN6	2.4712	0.0959
LINCSCP_89736	NA	1052	CEBPD	4.0456	0.0975
LINCSCP_89736	NA	2896	GRN	-1.0759	0.0978
LINCSCP_89736	NA	147179	WIPF2	1.4981	0.0978
LINCSCP_89736	NA	25932	CLIC4	-2.0366	0.0985
LINCSCP_89736	NA	6597	SMARCA4	-0.9981	0.0987
LINCSCP_89736	NA	55012	PPP2R3C	-1.458	0.1005
LINCSCP_89736	NA	1001	CDH3	1.4029	0.1016
LINCSCP_89736	NA	9053	MAP7	4.5095	0.1017
LINCSCP_89736	NA	10962	MLLT11	-2.2128	0.102
LINCSCP_89736	NA	5257	PHKB	-1.8527	0.1027
LINCSCP_89736	NA	1633	DCK	-2.5759	0.1047
LINCSCP_89736	NA	8091	HMGA2	-0.8518	0.1068
LINCSCP_89736	NA	10845	CLPX	1.3284	0.1075
LINCSCP_89736	NA	11344	TWF2	-1.1145	0.1077
LINCSCP_89736	NA	66008	TRAK2	-1.5379	0.1079
LINCSCP_89736	NA	351	APP	-1.4025	0.1086
LINCSCP_89736	NA	23077	MYCBP2	2.0078	0.1091
LINCSCP_89736	NA	8974	P4HA2	0.8239	0.1092
LINCSCP_89736	NA	902	CCNH	1.5908	0.1092
LINCSCP_89736	NA	23635	SSBP2	1.1291	0.1096
LINCSCP_89736	NA	10730	YME1L1	1.3339	0.1101
LINCSCP_89736	NA	79716	NPEPL1	1.7561	0.1105
LINCSCP_89736	NA	26001	RNF167	1.1041	0.1142
LINCSCP_89736	NA	51001	MTERF3	-1.7982	0.1154
LINCSCP_89736	NA	10320	IKZF1	0.8355	0.1158
LINCSCP_89736	NA	25987	TSKU	-0.9074	0.118
LINCSCP_89736	NA	57178	ZMIZ1	-1.0688	0.119
LINCSCP_89736	NA	8573	CASK	-1.139	0.1195
LINCSCP_89736	NA	2817	GPC1	2.0768	0.121
LINCSCP_89736	NA	7319	UBE2A	-2.1511	0.1211
LINCSCP_89736	NA	23011	RAB21	1.3629	0.1216
LINCSCP_89736	NA	375346	TMEM110	1.7103	0.1234
LINCSCP_89736	NA	23365	ARHGEF12	-1.2971	0.1235
LINCSCP_89736	NA	51382	ATP6V1D	-1.3639	0.1236
LINCSCP_89736	NA	1891	ECH1	1.2502	0.1256
LINCSCP_89736	NA	5583	PRKCH	1.4666	0.1267
LINCSCP_89736	NA	25	ABL1	0.8041	0.13
LINCSCP_89736	NA	6193	RPS5	0.8935	0.1303
LINCSCP_89736	NA	79961	DENND2D	2.5746000000000002	0.1304
LINCSCP_89736	NA	10362	HMG20B	-4.238	0.1306
LINCSCP_89736	NA	993	CDC25A	0.9128	0.1317
LINCSCP_89736	NA	5641	LGMN	1.1425	0.132
LINCSCP_89736	NA	7077	TIMP2	0.9435	0.1321
LINCSCP_89736	NA	4043	LRPAP1	-0.9769	0.1322
LINCSCP_89736	NA	124583	CANT1	-4.2121	0.1334
LINCSCP_89736	NA	25825	BACE2	-4.1383	0.1334
LINCSCP_89736	NA	9124	PDLIM1	1.3549	0.1338
LINCSCP_89736	NA	2767	GNA11	1.042	0.1385
LINCSCP_89736	NA	10695	CNPY3	3.0895	0.1399
LINCSCP_89736	NA	5627	PROS1	-1.2195	0.1402
LINCSCP_89736	NA	60528	ELAC2	0.9559	0.1405
LINCSCP_89736	NA	23321	TRIM2	1.6633	0.1438
LINCSCP_89736	NA	3551	IKBKB	1.6461	0.145
LINCSCP_89736	NA	10969	EBNA1BP2	-1.0324	0.1459
LINCSCP_89736	NA	2064	ERBB2	-3.2134	0.15
LINCSCP_89736	NA	1465	CSRP1	-3.3448	0.15
LINCSCP_89736	NA	30001	ERO1L	-1.2468	0.1504
LINCSCP_89736	NA	9703	KIAA0100	-1.6069	0.1505
LINCSCP_89736	NA	1981	EIF4G1	-0.8165	0.152
LINCSCP_89736	NA	23076	RRP1B	-1.2979	0.1536
LINCSCP_89736	NA	6195	RPS6KA1	-0.7501	0.1536
LINCSCP_89736	NA	3280	HES1	2.1561	0.1544
LINCSCP_89736	NA	55148	UBR7	-2.4571	0.1544
LINCSCP_89736	NA	8826	IQGAP1	1.5502	0.156
LINCSCP_89736	NA	5891	MOK	-0.7718	0.1562
LINCSCP_89736	NA	79643	CHMP6	5.6952	0.1573
LINCSCP_89736	NA	4891	SLC11A2	-0.7516	0.16
LINCSCP_89736	NA	55620	STAP2	3.9701	0.1611
LINCSCP_89736	NA	9688	NUP93	-1.361	0.1631
LINCSCP_89736	NA	22794	CASC3	0.8164	0.1633
LINCSCP_89736	NA	51293	CD320	-2.3217	0.1653
LINCSCP_89736	NA	6390	SDHB	-0.9693	0.1683
LINCSCP_89736	NA	2690	GHR	1.7326	0.1699
LINCSCP_89736	NA	5603	MAPK13	1.2703	0.1727
LINCSCP_89736	NA	9275	BCL7B	0.7736	0.1747
LINCSCP_89736	NA	29890	RBM15B	1.98	0.1747
LINCSCP_89736	NA	51116	MRPS2	1.1374	0.1786
LINCSCP_89736	NA	6304	SATB1	-1.0022	0.1787
LINCSCP_89736	NA	63933	MCUR1	-0.8863	0.1805
LINCSCP_89736	NA	91949	COG7	-0.9264	0.1807
LINCSCP_89736	NA	23326	USP22	-0.7609	0.1828
LINCSCP_89736	NA	2042	EPHA3	-1.1418	0.1861
LINCSCP_89736	NA	10046	MAMLD1	0.9202	0.1874
LINCSCP_89736	NA	8731	RNMT	-1.2907	0.1902
LINCSCP_89736	NA	4208	MEF2C	1.2397	0.1905
LINCSCP_89736	NA	25874	MPC2	0.659	0.1929
LINCSCP_89736	NA	9183	ZW10	-1.5932	0.1932
LINCSCP_89736	NA	9637	FEZ2	-1.2954	0.1938
LINCSCP_89736	NA	8821	INPP4B	0.8758	0.1973
LINCSCP_89736	NA	1950	EGF	-0.7548	0.1975
LINCSCP_89736	NA	595	CCND1	-0.983	0.2011
LINCSCP_89736	NA	23029	RBM34	0.8761	0.2059
LINCSCP_89736	NA	25793	FBXO7	0.8092	0.2063
LINCSCP_89736	NA	6908	TBP	-0.8617	0.2129
LINCSCP_89736	NA	5359	PLSCR1	1.1788	0.2145
LINCSCP_89736	NA	23499	MACF1	-3.6193	0.2159
LINCSCP_89736	NA	207	AKT1	-0.7715	0.217
LINCSCP_89736	NA	1212	CLTB	0.6335	0.2191
LINCSCP_89736	NA	3108	HLA-DMA	1.3136	0.2207
LINCSCP_89736	NA	6194	RPS6	0.8944	0.2212
LINCSCP_89736	NA	51385	ZNF589	1.0491	0.2253
LINCSCP_89736	NA	3725	JUN	0.8525	0.2258
LINCSCP_89736	NA	1111	CHEK1	-0.7811	0.2267
LINCSCP_89736	NA	23670	TMEM2	0.9944	0.227
LINCSCP_89736	NA	22905	EPN2	2.7506	0.2292
LINCSCP_89736	NA	10765	KDM5B	-0.7938	0.2322
LINCSCP_89736	NA	976	ADGRE5	1.509	0.2336
LINCSCP_89736	NA	10670	RRAGA	-3.6206	0.2337
LINCSCP_89736	NA	54499	TMCO1	-0.8621	0.2346
LINCSCP_89736	NA	6990	DYNLT3	-0.8756	0.2347
LINCSCP_89736	NA	10150	MBNL2	-2.0256	0.2355
LINCSCP_89736	NA	22908	SACM1L	0.7947	0.2374
LINCSCP_89736	NA	11319	ECD	-2.4254	0.2382
LINCSCP_89736	NA	3416	IDE	-0.8357	0.2392
LINCSCP_89736	NA	55111	PLEKHJ1	0.6713	0.2409
LINCSCP_89736	NA	10782	ZNF274	-1.7034	0.2413
LINCSCP_89736	NA	5048	PAFAH1B1	-0.622	0.2422
LINCSCP_89736	NA	51375	SNX7	0.6088	0.2491
LINCSCP_89736	NA	11073	TOPBP1	0.9398	0.255
LINCSCP_89736	NA	54915	YTHDF1	-0.5918	0.2567
LINCSCP_89736	NA	6832	SUPV3L1	1.157	0.2624
LINCSCP_89736	NA	1906	EDN1	1.0277	0.2671
LINCSCP_89736	NA	4331	MNAT1	-1.4994	0.2681
LINCSCP_89736	NA	9797	TATDN2	0.9066	0.2685
LINCSCP_89736	NA	9488	PIGB	1.3895	0.2692
LINCSCP_89736	NA	6599	SMARCC1	-0.8244	0.2708
LINCSCP_89736	NA	23200	ATP11B	0.9292	0.2759
LINCSCP_89736	NA	5054	SERPINE1	-0.6143	0.277
LINCSCP_89736	NA	54512	EXOSC4	0.6669	0.2771
LINCSCP_89736	NA	56997	ADCK3	-1.0541	0.2791
LINCSCP_89736	NA	51170	HSD17B11	-1.8115	0.2793
LINCSCP_89736	NA	9710	KIAA0355	-0.5863	0.2804
LINCSCP_89736	NA	5154	PDGFA	0.6663	0.2809
LINCSCP_89736	NA	3895	KTN1	-0.9208	0.2832
LINCSCP_89736	NA	873	CBR1	0.5556	0.2834
LINCSCP_89736	NA	501	ALDH7A1	-1.3712	0.2861
LINCSCP_89736	NA	27336	HTATSF1	0.5552	0.2869
LINCSCP_89736	NA	323	APBB2	3.1569	0.2921
LINCSCP_89736	NA	23131	GPATCH8	1.0482	0.2922
LINCSCP_89736	NA	5971	RELB	-0.9886	0.2931
LINCSCP_89736	NA	9988	DMTF1	-1.7257	0.2947
LINCSCP_89736	NA	1282	COL4A1	-1.0407	0.2987
LINCSCP_89736	NA	1786	DNMT1	-0.9489	0.2994
LINCSCP_89736	NA	9097	USP14	0.8304	0.3004
LINCSCP_89736	NA	3909	LAMA3	-0.7214	0.3035
LINCSCP_89736	NA	8050	PDHX	0.9302	0.3036
LINCSCP_89736	NA	23142	DCUN1D4	1.8748	0.3045
LINCSCP_89736	NA	4582	MUC1	-0.7521	0.3073
LINCSCP_89736	NA	53343	NUDT9	3.0713	0.3074
LINCSCP_89736	NA	11261	CHP1	0.7978	0.3081
LINCSCP_89736	NA	5880	RAC2	-1.0449	0.3125
LINCSCP_89736	NA	22883	CLSTN1	-1.1539	0.3155
LINCSCP_89736	NA	9134	CCNE2	-0.7707	0.3165
LINCSCP_89736	NA	6919	TCEA2	1.5064	0.319
LINCSCP_89736	NA	55011	PIH1D1	0.4732	0.3193
LINCSCP_89736	NA	2908	NR3C1	-0.5213	0.3201
LINCSCP_89736	NA	2184	FAH	0.6837	0.3205
LINCSCP_89736	NA	6988	TCTA	-0.5174	0.3237
LINCSCP_89736	NA	23335	WDR7	1.998	0.3241
LINCSCP_89736	NA	4125	MAN2B1	0.4961	0.3283
LINCSCP_89736	NA	9375	TM9SF2	-0.8381	0.3322
LINCSCP_89736	NA	55793	FAM63A	2.9541	0.3362
LINCSCP_89736	NA	1213	CLTC	-1.0213	0.3397
LINCSCP_89736	NA	11004	KIF2C	-0.9909	0.3417
LINCSCP_89736	NA	23636	NUP62	-1.9168	0.3426
LINCSCP_89736	NA	7165	TPD52L2	0.4697	0.3439
LINCSCP_89736	NA	256364	EML3	-0.5496	0.3449
LINCSCP_89736	NA	11072	DUSP14	-0.8236	0.3491
LINCSCP_89736	NA	6050	RNH1	1.2926	0.3503
LINCSCP_89736	NA	10513	APPBP2	0.5308	0.3547
LINCSCP_89736	NA	230	ALDOC	-0.6512	0.3549
LINCSCP_89736	NA	27109	ATP5S	-1.8457	0.3552
LINCSCP_89736	NA	5566	PRKACA	0.5734	0.3701
LINCSCP_89736	NA	51495	HACD3	-0.4762	0.3763
LINCSCP_89736	NA	27244	SESN1	2.5274	0.3768
LINCSCP_89736	NA	6603	SMARCD2	0.3922	0.3796
LINCSCP_89736	NA	8800	PEX11A	0.5148	0.3905
LINCSCP_89736	NA	79600	TCTN1	-0.4408	0.3917
LINCSCP_89736	NA	2736	GLI2	-0.8759	0.3975
LINCSCP_89736	NA	6347	CCL2	-0.7774	0.3977
LINCSCP_89736	NA	5654	HTRA1	0.5507	0.398
LINCSCP_89736	NA	9467	SH3BP5	-0.6751	0.3996
LINCSCP_89736	NA	79187	FSD1	0.6144	0.4054
LINCSCP_89736	NA	1635	DCTD	-0.8132	0.4092
LINCSCP_89736	NA	23588	KLHDC2	-1.1538	0.4222
LINCSCP_89736	NA	9126	SMC3	-0.5659	0.4276
LINCSCP_89736	NA	3206	HOXA10	-1.2737	0.4316
LINCSCP_89736	NA	10921	RNPS1	-1.0953	0.436
LINCSCP_89736	NA	9517	SPTLC2	-0.7128	0.4381
LINCSCP_89736	NA	5440	POLR2K	-0.3784	0.4398
LINCSCP_89736	NA	79143	MBOAT7	0.9557	0.4402
LINCSCP_89736	NA	7082	TJP1	0.423	0.441
LINCSCP_89736	NA	6714	SRC	0.9524	0.4432
LINCSCP_89736	NA	1454	CSNK1E	0.5475	0.447
LINCSCP_89736	NA	25976	TIPARP	0.4895	0.4484
LINCSCP_89736	NA	355	FAS	-0.4472	0.4496
LINCSCP_89736	NA	1385	CREB1	-0.5128	0.4502
LINCSCP_89736	NA	823	CAPN1	-0.8405	0.4509
LINCSCP_89736	NA	24149	ZNF318	0.9037	0.4581
LINCSCP_89736	NA	54807	ZNF586	0.6285	0.4592
LINCSCP_89736	NA	51635	DHRS7	-2.3627	0.4631
LINCSCP_89736	NA	22809	ATF5	0.5395	0.4643
LINCSCP_89736	NA	10491	CRTAP	1.3119	0.4687
LINCSCP_89736	NA	9868	TOMM70A	-2.3144	0.4698
LINCSCP_89736	NA	178	AGL	2.1154	0.4737
LINCSCP_89736	NA	28969	BZW2	-0.5961	0.4747
LINCSCP_89736	NA	5699	PSMB10	0.8405	0.4773
LINCSCP_89736	NA	51422	PRKAG2	-0.6063	0.4815
LINCSCP_89736	NA	23014	FBXO21	0.333	0.4872
LINCSCP_89736	NA	7849	PAX8	-0.477	0.4879
LINCSCP_89736	NA	4836	NMT1	0.3042	0.4879
LINCSCP_89736	NA	329	BIRC2	0.4736	0.4921
LINCSCP_89736	NA	23659	PLA2G15	-0.4231	0.4926
LINCSCP_89736	NA	26036	ZNF451	-0.9289	0.4941
LINCSCP_89736	NA	65057	ACD	-0.5668	0.4966
LINCSCP_89736	NA	1062	CENPE	-0.5502	0.5019
LINCSCP_89736	NA	23512	SUZ12	-0.4929	0.5068
LINCSCP_89736	NA	11014	KDELR2	-0.4909	0.5094
LINCSCP_89736	NA	54733	SLC35F2	-0.39	0.5157
LINCSCP_89736	NA	1027	CDKN1B	-0.405	0.516
LINCSCP_89736	NA	9276	COPB2	0.3823	0.517
LINCSCP_89736	NA	3202	HOXA5	0.4671	0.521
LINCSCP_89736	NA	56654	NPDC1	-1.4943	0.5242
LINCSCP_89736	NA	29978	UBQLN2	0.2724	0.529
LINCSCP_89736	NA	4482	MSRA	1.3262	0.5343
LINCSCP_89736	NA	2037	EPB41L2	-0.354	0.5384
LINCSCP_89736	NA	7690	ZNF131	0.4459	0.5399
LINCSCP_89736	NA	50865	HEBP1	0.5147	0.5404
LINCSCP_89736	NA	80204	FBXO11	-0.3056	0.5412
LINCSCP_89736	NA	4927	NUP88	-0.4548	0.5492
LINCSCP_89736	NA	154	ADRB2	0.2785	0.5537
LINCSCP_89736	NA	54205	CYCS	0.481	0.5571
LINCSCP_89736	NA	54850	FBXL12	0.5503	0.5594
LINCSCP_89736	NA	572	BAD	0.4411	0.5617
LINCSCP_89736	NA	80758	PRR7	0.2502	0.563
LINCSCP_89736	NA	5106	PCK2	-0.2756	0.5631
LINCSCP_89736	NA	6774	STAT3	-0.3508	0.5637
LINCSCP_89736	NA	8520	HAT1	0.4575	0.5642
LINCSCP_89736	NA	10797	MTHFD2	0.4828	0.565
LINCSCP_89736	NA	5782	PTPN12	0.3992	0.5699
LINCSCP_89736	NA	1956	EGFR	-0.2403	0.5719
LINCSCP_89736	NA	80347	COASY	-0.2972	0.5728
LINCSCP_89736	NA	8720	MBTPS1	-0.7395	0.5745
LINCSCP_89736	NA	1861	TOR1A	-0.4745	0.5759
LINCSCP_89736	NA	9924	PAN2	-0.3224	0.5766
LINCSCP_89736	NA	2553	GABPB1	0.4648	0.5783
LINCSCP_89736	NA	10610	ST6GALNAC2	-0.2427	0.5804
LINCSCP_89736	NA	3156	HMGCR	-1.1146	0.586
LINCSCP_89736	NA	4690	NCK1	-0.4715	0.5875
LINCSCP_89736	NA	1662	DDX10	-0.8881	0.5902
LINCSCP_89736	NA	9686	VGLL4	-0.4561	0.5992
LINCSCP_89736	NA	7088	TLE1	0.3128	0.6044
LINCSCP_89736	NA	581	BAX	-0.4507	0.6152
LINCSCP_89736	NA	25839	COG4	-0.2999	0.6158
LINCSCP_89736	NA	81533	ITFG1	-1.3446	0.6213
LINCSCP_89736	NA	85236	HIST1H2BK	0.4274	0.6251
LINCSCP_89736	NA	51335	NGRN	0.4568	0.6269
LINCSCP_89736	NA	9712	USP6NL	-0.2032	0.6295
LINCSCP_89736	NA	8202	NCOA3	0.9043	0.639
LINCSCP_89736	NA	7494	XBP1	0.1913	0.6489
LINCSCP_89736	NA	23410	SIRT3	0.1973	0.6494
LINCSCP_89736	NA	23244	PDS5A	-0.4121	0.6537
LINCSCP_89736	NA	9918	NCAPD2	-0.5968	0.6605
LINCSCP_89736	NA	55127	HEATR1	-0.3163	0.6621
LINCSCP_89736	NA	2115	ETV1	-0.3095	0.6698
LINCSCP_89736	NA	847	CAT	0.1912	0.6721
LINCSCP_89736	NA	63874	ABHD4	0.3118	0.6739
LINCSCP_89736	NA	2146	EZH2	0.3501	0.6739
LINCSCP_89736	NA	55818	KDM3A	2.0483	0.6767
LINCSCP_89736	NA	4893	NRAS	-0.18	0.6802
LINCSCP_89736	NA	23039	XPO7	-0.2252	0.6806
LINCSCP_89736	NA	55847	CISD1	-0.4715	0.6816
LINCSCP_89736	NA	9690	UBE3C	-0.3806	0.6838
LINCSCP_89736	NA	10270	AKAP8	1.021	0.6878
LINCSCP_89736	NA	51015	ISOC1	0.2157	0.6892
LINCSCP_89736	NA	1958	EGR1	0.2391	0.6894
LINCSCP_89736	NA	5715	PSMD9	-0.2635	0.6916
LINCSCP_89736	NA	949	SCARB1	0.4424	0.7003
LINCSCP_89736	NA	1021	CDK6	0.2628	0.707
LINCSCP_89736	NA	26227	PHGDH	-0.1928	0.7111
LINCSCP_89736	NA	836	CASP3	0.3116	0.7155
LINCSCP_89736	NA	5899	RALB	-0.1821	0.7344
LINCSCP_89736	NA	55324	ABCF3	0.9951	0.7462
LINCSCP_89736	NA	9016	SLC25A14	-0.3091	0.7515
LINCSCP_89736	NA	5287	PIK3C2B	-0.2379	0.7571
LINCSCP_89736	NA	840	CASP7	-0.2432	0.7598
LINCSCP_89736	NA	57149	LYRM1	-0.19	0.7613
LINCSCP_89736	NA	58478	ENOPH1	-0.2539	0.7763
LINCSCP_89736	NA	64422	ATG3	-0.1308	0.7764
LINCSCP_89736	NA	8884	SLC5A6	-0.3747	0.7907
LINCSCP_89736	NA	835	CASP2	-0.1739	0.7994
LINCSCP_89736	NA	6009	RHEB	-0.1124	0.7998
LINCSCP_89736	NA	50810	HDGFRP3	0.2607	0.7998
LINCSCP_89736	NA	10810	WASF3	0.2735	0.8032
LINCSCP_89736	NA	9641	IKBKE	-0.1018	0.807
LINCSCP_89736	NA	64943	NT5DC2	0.1393	0.8102
LINCSCP_89736	NA	6812	STXBP1	-0.0995	0.8104
LINCSCP_89736	NA	9448	MAP4K4	-0.1454	0.815
LINCSCP_89736	NA	2597	GAPDH	0.2209	0.8171
LINCSCP_89736	NA	29911	HOOK2	-0.2512	0.8189
LINCSCP_89736	NA	29928	TIMM22	-0.1099	0.8266
LINCSCP_89736	NA	727	C5	-0.1782	0.8287
LINCSCP_89736	NA	23647	ARFIP2	0.1496	0.8312
LINCSCP_89736	NA	1022	CDK7	-0.2395	0.8368
LINCSCP_89736	NA	55033	FKBP14	-0.1246	0.8551
LINCSCP_89736	NA	1445	CSK	-0.0752	0.856
LINCSCP_89736	NA	84722	PSRC1	0.3745	0.8562
LINCSCP_89736	NA	55008	HERC6	-0.173	0.8639
LINCSCP_89736	NA	8727	CTNNAL1	-0.1017	0.8781
LINCSCP_89736	NA	22796	COG2	0.0707	0.884
LINCSCP_89736	NA	9143	SYNGR3	-0.0778	0.8861
LINCSCP_89736	NA	10057	ABCC5	-0.0927	0.8895
LINCSCP_89736	NA	83743	GRWD1	-0.079	0.8901
LINCSCP_89736	NA	388650	FAM69A	-0.3111	0.9029
LINCSCP_89736	NA	5423	POLB	-0.053900000000000003	0.9078
LINCSCP_89736	NA	23097	CDK19	-0.0693	0.9132
LINCSCP_89736	NA	10681	GNB5	-0.0524	0.9135
LINCSCP_89736	NA	58472	SQRDL	-0.1565	0.9138
LINCSCP_89736	NA	57019	CIAPIN1	0.0547	0.9206
LINCSCP_89736	NA	23013	SPEN	-0.1471	0.9232
LINCSCP_89736	NA	4313	MMP2	-0.0763	0.9324
LINCSCP_89736	NA	2048	EPHB2	-0.2612	0.9333
LINCSCP_89736	NA	5355	PLP2	-0.099	0.9414
LINCSCP_89736	NA	10318	TNIP1	0.0314	0.9499
LINCSCP_89736	NA	6676	SPAG4	0.0615	0.9526
LINCSCP_89736	NA	23212	RRS1	0.0334	0.9574
LINCSCP_89736	NA	10131	TRAP1	-0.0275	0.968
LINCSCP_89736	NA	8324	FZD7	0.0522	0.9714
LINCSCP_89736	NA	26064	RAI14	0.0284	0.974
LINCSCP_89736	NA	79850	FAM57A	-0.0168	0.9767
LINCSCP_89736	NA	9943	OXSR1	0.0212	0.981
LINCSCP_89736	NA	3385	ICAM3	-0.0178	0.9824
LINCSCP_89736	NA	5525	PPP2R5A	0.0111	0.9829
